0.000000000000000000e+00 1.129798340133742762e+01 5.057941667009846469e+02
1.000000000000000056e-01 -6.853766001279268494e+00 5.062473830881922368e+02
2.000000000000000111e-01 -2.538556452528275997e+01 5.025647735805927709e+02
3.000000000000000444e-01 -4.406038122862236150e+01 4.947770206675790519e+02
4.000000000000000222e-01 -6.264850665013130993e+01 4.830308204269611565e+02
5.000000000000000000e-01 -8.092634708056368709e+01 4.675845818274352155e+02
6.000000000000000888e-01 -9.867419536060839391e+01 4.488001988351811065e+02
7.000000000000000666e-01 -1.156734805487621855e+02 4.271311561964309931e+02
8.000000000000000444e-01 -1.317040565419896723e+02 4.031073701998060415e+02
9.000000000000000222e-01 -1.465421021755747688e+02 3.773172951885204043e+02
1.000000000000000000e+00 -1.599591707348961904e+02 3.503879397439487207e+02
1.100000000000000089e+00 -1.717228467181689950e+02 3.229635281541002314e+02
1.200000000000000178e+00 -1.815993468478906436e+02 2.956836083277520970e+02
1.300000000000000044e+00 -1.893582484321187280e+02 2.691614427621892673e+02
1.400000000000000133e+00 -1.947793513846771134e+02 2.439635215662639496e+02
1.500000000000000000e+00 -1.976614925132743963e+02 2.205910041809578956e+02
1.600000000000000089e+00 -1.978329451232383178e+02 1.994638290919270389e+02
1.700000000000000178e+00 -1.951628668211812965e+02 1.809081298736614087e+02
1.800000000000000044e+00 -1.895731162355355082e+02 1.651474644125550242e+02
1.900000000000000133e+00 -1.810496562938487557e+02 1.522982068652815144e+02
2.000000000000000000e+00 -1.696527065418302413e+02 1.423692751077327614e+02
2.100000000000000089e+00 -1.555248057008810179e+02 1.352661777337455646e+02
2.200000000000000178e+00 -1.388960008462871940e+02 1.307991726945321602e+02
2.300000000000000266e+00 -1.200854902722304018e+02 1.286951436542818215e+02
2.400000000000000355e+00 -9.949920871325406324e+01 1.286126294319693102e+02
2.500000000000000000e+00 -7.762304813727591579e+01 1.301592954821829835e+02
2.600000000000000089e+00 -5.501164385874972851e+01 1.329110223162647628e+02
2.700000000000000178e+00 -3.227291092693202046e+01 1.364317107559783722e+02
2.800000000000000266e+00 -1.004877471907976449e+01 1.402928727761629375e+02
2.900000000000000355e+00 1.100721319870621251e+01 1.440920920563989114e+02
3.000000000000000000e+00 3.025446296491051257e+01 1.474695004005918122e+02
3.100000000000000089e+00 4.709104859329492143e+01 1.501215225135838693e+02
3.200000000000000178e+00 6.097930999855100254e+01 1.518112873404469383e+02
3.300000000000000266e+00 7.147007836455634333e+01 1.523752820435563820e+02
3.400000000000000355e+00 7.822425495926916028e+01 1.517260254939577067e+02
3.500000000000000000e+00 8.103055080696415757e+01 1.498507511527083125e+02
3.600000000000000089e+00 7.981834054966424219e+01 1.468063027504921649e+02
3.700000000000000178e+00 7.466479227562906829e+01 1.427106483051815928e+02
3.800000000000000266e+00 6.579569624359207580e+01 1.377315972397750841e+02
3.900000000000000355e+00 5.357971624261048760e+01 1.320734512902008646e+02
4.000000000000000000e+00 3.851611223012634611e+01 1.259624239021658809e+02
4.100000000000000533e+00 2.121631464693935243e+01 1.196317186068467038e+02
4.200000000000000178e+00 2.380051469596631275e+00 1.133071608821331893e+02
4.299999999999999822e+00 -1.723297901883611516e+01 1.071942297105337616e+02
4.400000000000000355e+00 -3.683464992454143783e+01 1.014672370032689912e+02
4.500000000000000000e+00 -5.564173445056456302e+01 9.626126084421052553e+01
4.600000000000000533e+00 -7.290947677356081158e+01 9.166726040597006886e+01
4.700000000000000178e+00 -8.796382047051736208e+01 8.773059694751491122e+01
4.800000000000000711e+00 -1.002307509332482738e+02 8.445296870600850525e+01
4.900000000000000355e+00 -1.092613289724903041e+02 8.179755085295019512e+01
5.000000000000000000e+00 -1.147511878426459901e+02 7.969692822946171873e+01
5.100000000000000533e+00 -1.165535257290908220e+02 7.806323085190886957e+01
5.200000000000000178e+00 -1.146849373063819968e+02 7.679974125722426948e+01
5.300000000000000711e+00 -1.093237754252991039e+02 7.581314752972674853e+01
5.400000000000000355e+00 -1.008010994543822250e+02 7.502557245532386787e+01
5.500000000000000000e+00 -8.958463139300715739e+01 7.438552065519156997e+01
5.600000000000000533e+00 -7.625648568245335923e+01 7.387695134525849028e+01
5.700000000000000178e+00 -6.148574576909084044e+01 7.352580074437901203e+01
5.800000000000000711e+00 -4.599721398523141147e+01 7.340343812286670300e+01
5.900000000000000355e+00 -3.053784808800831740e+01 7.362673328038449938e+01
6.000000000000000000e+00 -1.584250822183895657e+01 7.435462892164191828e+01
6.100000000000000533e+00 -2.600666539951717926e+00 7.578133556579045660e+01
6.200000000000000178e+00 8.574323081548360648e+00 7.812648527294975054e+01
6.300000000000000711e+00 1.717193285537654646e+01 8.162277985778203515e+01
6.400000000000000355e+00 2.280589216198591274e+01 8.650183678154412803e+01
6.500000000000000000e+00 2.522935789943987928e+01 9.297906090925533817e+01
6.600000000000000533e+00 2.434315842142856567e+01 1.012384447555546956e+02
6.700000000000000178e+00 2.019679526113595713e+01 1.114182188426160991e+02
6.800000000000000711e+00 1.298225028410548099e+01 1.235982359553527061e+02
6.900000000000000355e+00 3.021004351817647482e+00 1.377898805844777712e+02
7.000000000000000000e+00 -9.254991164672929926e+00 1.539291533348232690e+02
7.100000000000000533e+00 -2.332735344638807717e+01 1.718733982909665485e+02
7.200000000000000178e+00 -3.861904073082491351e+01 1.914019305789838086e+02
7.300000000000000711e+00 -5.452440698576647549e+01 2.122205947866025042e+02
7.400000000000000355e+00 -7.043998801121401243e+01 2.339700566495554881e+02
7.500000000000000000e+00 -8.579444782398263669e+01 2.562374147185824427e+02
7.600000000000000533e+00 -1.000761731877187799e+02 2.785705290055304886e+02
7.700000000000000178e+00 -1.128571389098871691e+02 3.004943115967253107e+02
7.800000000000000711e+00 -1.238118695995034528e+02 3.215281191995544532e+02
7.900000000000000355e+00 -1.327305841752584001e+02 3.412033357907531013e+02
8.000000000000000000e+00 -1.395259139754720081e+02 3.590802377510865426e+02
8.099999999999999645e+00 -1.442329182373223091e+02 3.747632932653023659e+02
8.200000000000001066e+00 -1.470024651219042369e+02 3.879141579390698098e+02
8.300000000000000711e+00 -1.480883851062395422e+02 3.982617818688304965e+02
8.400000000000000355e+00 -1.478291196469386364e+02 4.056092293725355375e+02
8.500000000000000000e+00 -1.466248660276972942e+02 4.098370187641255598e+02
8.599999999999999645e+00 -1.449114457433682901e+02 4.109030022183487176e+02
8.700000000000001066e+00 -1.431322878115567221e+02 4.088390108971698282e+02
8.800000000000000711e+00 -1.417100123500901532e+02 4.037446746904060433e+02
8.900000000000000355e+00 -1.410191194047758643e+02 3.957789772776293944e+02
9.000000000000000000e+00 -1.413612327827255228e+02 3.851502161794085737e+02
9.099999999999999645e+00 -1.429442215874436215e+02 3.721050974265506284e+02
9.200000000000001066e+00 -1.458663297386146382e+02 3.569177022325087023e+02
9.300000000000000711e+00 -1.501061955512384714e+02 3.398790190211001914e+02
9.400000000000000355e+00 -1.555193516019857043e+02 3.212876423420298693e+02
9.500000000000000000e+00 -1.618414737802987133e+02 3.014421079174375677e+02
9.600000000000001421e+00 -1.686983130785795026e+02 2.806351704334614965e+02
9.700000000000001066e+00 -1.756219103734787552e+02 2.591501499677948459e+02
9.800000000000000711e+00 -1.820723790761478256e+02 2.372592876448456991e+02
9.900000000000000355e+00 -1.874642580725825098e+02 2.152238750848287339e+02
1.000000000000000000e+01 -1.911962012450949828e+02 1.932957686777907043e+02
1.010000000000000142e+01 -1.926825912887253764e+02 1.717197803166933738e+02
1.020000000000000107e+01 -1.913855530564994183e+02 1.507363602141267904e+02
1.030000000000000071e+01 -1.868458007729241785e+02 1.305839609778232671e+02
1.040000000000000036e+01 -1.787107863416579221e+02 1.115004978573269625e+02
1.050000000000000000e+01 -1.667587214553936690e+02 9.372339684562226125e+01
1.060000000000000142e+01 -1.509172197870342984e+02 7.748784522071430558e+01
1.070000000000000107e+01 -1.312755395790706245e+02 6.302301977132422905e+01
1.080000000000000071e+01 -1.080896910556574966e+02 5.054625505821331899e+01
1.090000000000000036e+01 -8.177999454815197566e+01 4.025531410978132385e+01
1.100000000000000000e+01 -5.292101958590386346e+01 3.231912213431579772e+01
1.110000000000000142e+01 -2.222418688043808999e+01 2.686750506207798139e+01
1.120000000000000107e+01 9.486341884701914751e+00 2.398062467987418955e+01
1.130000000000000071e+01 4.130354298187914708e+01 2.367890823706918013e+01
1.140000000000000036e+01 7.227195541211020213e+01 2.591432282531589948e+01
1.150000000000000000e+01 1.014252015282836084e+02 3.056383714815817498e+01
1.160000000000000142e+01 1.278249895388264576e+02 3.742584306261537819e+01
1.170000000000000107e+01 1.505998912227715323e+02 4.622017831008891164e+01
1.180000000000000071e+01 1.689821717670084524e+02 5.659220622929883149e+01
1.190000000000000036e+01 1.823410101114534427e+02 6.812117799695906228e+01
1.200000000000000000e+01 1.902105856773062271e+02 8.033284151824189223e+01
1.210000000000000142e+01 1.923117155202716901e+02 9.271598454498123942e+01
1.220000000000000107e+01 1.885659961957490509e+02 1.047423256123154118e+02
1.230000000000000071e+01 1.791017254278815187e+02 1.158889131330326734e+02
1.240000000000000036e+01 1.642512360791552624e+02 1.256619779750881065e+02
1.250000000000000000e+01 1.445396531167040450e+02 1.336210237339133471e+02
1.260000000000000142e+01 1.206654663052396472e+02 1.394018444500537441e+02
1.270000000000000107e+01 9.347367986420422881e+01 1.427371406512063174e+02
1.280000000000000071e+01 6.392263833615250235e+01 1.434734657552783119e+02
1.290000000000000036e+01 3.304591962629272217e+01 1.415833755912971696e+02
1.300000000000000000e+01 1.910917712765549226e+00 1.371718686017219966e+02
1.310000000000000142e+01 -2.842410238796846755e+01 1.304764829092639218e+02
1.320000000000000107e+01 -5.695261430603197539e+01 1.218607443132343633e+02
1.330000000000000071e+01 -8.276024515075363297e+01 1.118010183987743176e+02
1.340000000000000036e+01 -1.050612243479008185e+02 1.008671898315064936e+02
1.350000000000000000e+01 -1.232292651757451978e+02 8.969795087402305001e+01
1.360000000000000142e+01 -1.368215218576447967e+02 7.897180758107273846e+01
1.370000000000000107e+01 -1.455945728251875835e+02 6.937518579522969731e+01
1.380000000000000071e+01 -1.495117382575085401e+02 6.156922243250375004e+01
1.390000000000000036e+01 -1.487414308647778398e+02 5.615694686782572376e+01
1.400000000000000000e+01 -1.436466449969285293e+02 5.365258345161266362e+01
1.410000000000000142e+01 -1.347660914970335284e+02 5.445463558960453554e+01
1.420000000000000107e+01 -1.227878652623805777e+02 5.882424632483257909e+01
1.430000000000000071e+01 -1.085168711367696233e+02 6.687007752319509279e+01
1.440000000000000036e+01 -9.283751527392405478e+01 7.854062239229732256e+01
1.450000000000000000e+01 -7.667337987060732019e+01 9.362448153836167819e+01
1.460000000000000142e+01 -6.094572890324634784e+01 1.117587120695116170e+02
1.470000000000000107e+01 -4.653273483882173167e+01 1.324449257682087762e+02
1.480000000000000071e+01 -3.423126910044215521e+01 1.550723905097601403e+02
1.490000000000000036e+01 -2.472296461202855866e+01 1.789470029425982034e+02
1.500000000000000000e+01 -1.854604360042809930e+01 2.033246722120611025e+02
1.510000000000000142e+01 -1.607411858893204126e+01 2.274474033213015218e+02
1.520000000000000107e+01 -1.750283327433747971e+01 2.505802094315908448e+02
1.530000000000000071e+01 -2.284482965670081711e+01 2.720469246959412430e+02
1.540000000000000036e+01 -3.193312727273655938e+01 2.912630370218236635e+02
1.550000000000000000e+01 -4.443259956969945534e+01 3.077638113831187638e+02
1.560000000000000142e+01 -5.985885124217921316e+01 3.212262209448078352e+02
1.570000000000000107e+01 -7.760345760639049217e+01 3.314835318553197112e+02
1.580000000000000071e+01 -9.696423966538009154e+01 3.385317799338966438e+02
1.590000000000000036e+01 -1.171790303988442190e+02 3.425278118184155005e+02
1.600000000000000000e+01 -1.374612493519257725e+02 3.437790152409515372e+02
1.610000000000000142e+01 -1.570355499994759043e+02 3.427253077756755033e+02
1.619999999999999929e+01 -1.751718393467577073e+02 3.399143659364460746e+02
1.630000000000000071e+01 -1.912160889514924236e+02 3.359714340607993677e+02
1.640000000000000213e+01 -2.046165537703129189e+02 3.315653353716996321e+02
1.650000000000000000e+01 -2.149442786967971983e+02 3.273725006379343654e+02
1.660000000000000142e+01 -2.219070877329535563e+02 3.240409228041730216e+02
1.669999999999999929e+01 -2.253566002000668504e+02 3.221559343926141992e+02
1.680000000000000071e+01 -2.252881833815030177e+02 3.222095898756698489e+02
1.690000000000000213e+01 -2.218341120182930410e+02 3.245752248594407092e+02
1.700000000000000000e+01 -2.152505431142762973e+02 3.294884703960648267e+02
1.710000000000000142e+01 -2.058992119999506372e+02 3.370356411984738543e+02
1.719999999999999929e+01 -1.942249974335380216e+02 3.471500116156352078e+02
1.730000000000000071e+01 -1.807306778075185605e+02 3.596160658824609868e+02
1.740000000000000213e+01 -1.659502992715503353e+02 3.740813832794422069e+02
1.750000000000000000e+01 -1.504225960463243439e+02 3.900754178902757303e+02
1.760000000000000142e+01 -1.346658440950947693e+02 4.070340783413379881e+02
1.769999999999999929e+01 -1.191553966993822939e+02 4.243287239879982735e+02
1.780000000000000071e+01 -1.043049534295086858e+02 4.412979852381282058e+02
1.790000000000000213e+01 -9.045236504364581265e+01 4.572806970766478116e+02
1.800000000000000000e+01 -7.785049122943486566e+01 4.716482111457228257e+02
1.810000000000000142e+01 -6.666332286044168143e+01 4.838344223077923516e+02
1.819999999999999929e+01 -5.696727341887034868e+01 4.933620045801729930e+02
1.830000000000000071e+01 -4.875725304599246357e+01 4.998635879773016200e+02
1.840000000000000213e+01 -4.195687968513178134e+01 5.030969073310473050e+02
1.850000000000000000e+01 -3.643196916272330554e+01 5.029532986222708359e+02
1.860000000000000142e+01 -3.200629102035858153e+01 4.994592877238109736e+02
1.869999999999999929e+01 -2.847848708696563946e+01 4.927713898243899280e+02
1.880000000000000071e+01 -2.563902880367358605e+01 4.831645946013723574e+02
1.890000000000000213e+01 -2.328613668270849502e+01 4.710153333495306356e+02
1.900000000000000000e+01 -2.123969644370446375e+01 4.567799931875777020e+02
1.910000000000000142e+01 -1.935237305402432284e+01 4.409702469749008742e+02
1.920000000000000284e+01 -1.751733466012309393e+01 4.241265965269248568e+02
1.930000000000000071e+01 -1.567223935125768897e+01 4.067915763876404185e+02
1.940000000000000213e+01 -1.379939339289500744e+01 3.894840356151175911e+02
1.950000000000000000e+01 -1.192224393972746910e+01 3.726758099766581154e+02
1.960000000000000142e+01 -1.009860659115457260e+01 3.567719248661744018e+02
1.970000000000000284e+01 -8.411234107223748424e+00 3.420952417887970682e+02
1.980000000000000071e+01 -6.956494958440635479e+00 3.288761926797014326e+02
1.990000000000000213e+01 -5.832039829097431571e+00 3.172479526410763810e+02
2.000000000000000000e+01 -5.124384845307479175e+00 3.072470996672504953e+02
2.010000000000000142e+01 -4.897330010010270129e+00 2.988195161582232231e+02
2.020000000000000284e+01 -5.182061774414902899e+00 2.918310169560801342e+02
2.030000000000000071e+01 -5.969665203837097422e+00 2.860819558085141807e+02
2.040000000000000213e+01 -7.206602440744948268e+00 2.813248775065169411e+02
2.050000000000000000e+01 -8.793511475940333000e+00 2.772841543146273580e+02
2.060000000000000142e+01 -1.058745592841806449e+01 2.736764771967687579e+02
2.070000000000000284e+01 -1.240752704036344412e+01 2.702310657694069391e+02
2.080000000000000071e+01 -1.404347805127301285e+01 2.667085135804554739e+02
2.090000000000000213e+01 -1.526687244176757474e+01 2.629172918735062581e+02
2.100000000000000000e+01 -1.584406356793385839e+01 2.587270875263951666e+02
2.110000000000000142e+01 -1.555020393671632561e+01 2.540783394156939039e+02
2.120000000000000284e+01 -1.418341485619611397e+01 2.489875507635113934e+02
2.130000000000000071e+01 -1.157823513343479149e+01 2.435481811110822434e+02
2.140000000000000213e+01 -7.617511040353410756e+00 2.379271484896672746e+02
2.150000000000000000e+01 -2.241985559841798370e+00 2.323571888258029219e+02
2.160000000000000142e+01 4.543013671421509692e+00 2.271255155292201096e+02
2.170000000000000284e+01 1.266421073127408015e+01 2.225593891205959949e+02
2.180000000000000071e+01 2.198056297283038063e+01 2.190093381848358263e+02
2.190000000000000213e+01 3.228699501848499409e+01 2.168308645624286157e+02
2.200000000000000000e+01 4.332148088044515077e+01 2.163655154041089190e+02
2.210000000000000142e+01 5.477507374929167838e+01 2.179222125364426006e+02
2.220000000000000284e+01 6.630431438688621881e+01 2.217596974960382852e+02
2.230000000000000071e+01 7.754531823506754051e+01 2.280708822496165453e+02
2.240000000000000213e+01 8.812875598687806189e+01 2.369697960390345486e+02
2.250000000000000000e+01 9.769490712280145317e+01 2.484816939693503457e+02
2.260000000000000142e+01 1.059079821630129459e+02 2.625367494929390091e+02
2.270000000000000284e+01 1.124689751590985338e+02 2.789675976724299176e+02
2.280000000000000071e+01 1.171264180980808902e+02 2.975108357808051665e+02
2.290000000000000213e+01 1.196845554603553978e+02 3.178124288031586389e+02
2.300000000000000000e+01 1.200086299408929875e+02 3.394368155429191347e+02
2.310000000000000142e+01 1.180271575172081384e+02 3.618793713704681068e+02
2.320000000000000284e+01 1.137312590520679123e+02 3.845817604216043151e+02
2.330000000000000071e+01 1.071712939290349453e+02 4.069496066331465727e+02
2.340000000000000213e+01 9.845119718769829831e+01 4.283718319192861372e+02
2.350000000000000000e+01 8.772104524803546610e+01 4.482409527663746758e+02
2.360000000000000142e+01 7.516845887953343208e+01 4.659735945373927848e+02
2.370000000000000284e+01 6.100949066352972494e+01 4.810304761435182854e+02
2.380000000000000071e+01 4.547963600520752436e+01 4.929351361713286792e+02
2.390000000000000213e+01 2.882555317489646995e+01 5.012907142144881050e+02
2.400000000000000000e+01 1.129798340133742762e+01 5.057941667009846469e+02
