0.000000000000000000e+00 -5.599244757973821152e+02 -3.268411354999087735e+02
1.000000000000000056e-01 -5.753270426694721209e+02 -3.071950196494769330e+02
2.000000000000000111e-01 -5.927768063282462663e+02 -2.883577109797794833e+02
3.000000000000000444e-01 -6.122679513718336466e+02 -2.714129879084813410e+02
4.000000000000000222e-01 -6.336980526806885337e+02 -2.573223574602598660e+02
5.000000000000000000e-01 -6.568109140232033951e+02 -2.468669007244580769e+02
6.000000000000000888e-01 -6.811540320111510027e+02 -2.406073659330202759e+02
7.000000000000000666e-01 -7.060577281986667231e+02 -2.388619370875869095e+02
8.000000000000000444e-01 -7.306405579027872363e+02 -2.416996465514031343e+02
9.000000000000000222e-01 -7.538426473790412956e+02 -2.489466185394172442e+02
1.000000000000000000e+00 -7.744854551442633692e+02 -2.602022102390013174e+02
1.100000000000000089e+00 -7.913534329956829652e+02 -2.748625347725206893e+02
1.200000000000000178e+00 -8.032904891623268213e+02 -2.921496039427947835e+02
1.300000000000000044e+00 -8.093022891546646633e+02 -3.111451786202117660e+02
1.400000000000000133e+00 -8.086544531138987395e+02 -3.308291251650081222e+02
1.500000000000000000e+00 -8.009567158144238874e+02 -3.501224568250279390e+02
1.600000000000000089e+00 -7.862241054308411776e+02 -3.679351757840263417e+02
1.700000000000000178e+00 -7.649080758314889863e+02 -3.832185059758826355e+02
1.800000000000000044e+00 -7.378931192287187741e+02 -3.950201985315639490e+02
1.900000000000000133e+00 -7.064574524053914502e+02 -4.025404652117628075e+02
2.000000000000000000e+00 -6.721996297771079298e+02 -4.051849725093915708e+02
2.100000000000000089e+00 -6.369360929722733999e+02 -4.026104532666020077e+02
2.200000000000000178e+00 -6.025774312369778727e+02 -3.947580865921318036e+02
2.300000000000000266e+00 -5.709932451766474060e+02 -3.818700247025953445e+02
2.400000000000000355e+00 -5.438767785747465950e+02 -3.644853815461764839e+02
2.500000000000000000e+00 -5.226207818352559116e+02 -3.434136096200158477e+02
2.600000000000000089e+00 -5.082153520307232384e+02 -3.196853354437488406e+02
2.700000000000000178e+00 -5.011768030089247077e+02 -2.944831625176623788e+02
2.800000000000000266e+00 -5.015140851475659929e+02 -2.690573790094751416e+02
2.900000000000000355e+00 -5.087361058179064912e+02 -2.446335959125671593e+02
3.000000000000000000e+00 -5.218997673352936317e+02 -2.223207803492945231e+02
3.100000000000000089e+00 -5.396949477896856706e+02 -2.030286939802600159e+02
3.200000000000000178e+00 -5.605593242831355383e+02 -1.874032576975422444e+02
3.300000000000000266e+00 -5.828131861793042390e+02 -1.757868294457291540e+02
3.400000000000000355e+00 -6.048024739272693751e+02 -1.682079281591840640e+02
3.500000000000000000e+00 -6.250374043586182324e+02 -1.644018170560067631e+02
3.600000000000000089e+00 -6.423143140591107567e+02 -1.638599274677772257e+02
3.700000000000000178e+00 -6.558097730369221381e+02 -1.659027713344569861e+02
3.800000000000000266e+00 -6.651384876414419978e+02 -1.697681739985872014e+02
3.900000000000000355e+00 -6.703698175427047090e+02 -1.747047285226828706e+02
4.000000000000000000e+00 -6.720015818838626274e+02 -1.800596001610177268e+02
4.100000000000000533e+00 -6.708938670660950265e+02 -1.853503301601302837e+02
4.200000000000000178e+00 -6.681693854504509318e+02 -1.903120785986140220e+02
4.299999999999999822e+00 -6.650901901520230695e+02 -1.949146227566670575e+02
4.400000000000000355e+00 -6.629228913197349584e+02 -1.993470647149460149e+02
4.500000000000000000e+00 -6.628056905447824647e+02 -2.039721689615867319e+02
4.600000000000000533e+00 -6.656304095567606964e+02 -2.092560641343820578e+02
4.700000000000000178e+00 -6.719512238413411751e+02 -2.156822257290025107e+02
4.800000000000000711e+00 -6.819291435843462068e+02 -2.236607986907220322e+02
4.900000000000000355e+00 -6.953176634988717524e+02 -2.334451303115946814e+02
5.000000000000000000e+00 -7.114907856171367939e+02 -2.450667338001600228e+02
5.100000000000000533e+00 -7.295102328429089766e+02 -2.582978389764000440e+02
5.200000000000000178e+00 -7.482245724349211287e+02 -2.726474327387983863e+02
5.300000000000000711e+00 -7.663895948399349436e+02 -2.873926239557911799e+02
5.400000000000000355e+00 -7.827970147986345637e+02 -3.016427688165748009e+02
5.500000000000000000e+00 -7.963976400150137351e+02 -3.144295969225520366e+02
5.600000000000000533e+00 -8.064057093048656952e+02 -3.248131040003053727e+02
5.700000000000000178e+00 -8.123731011792986010e+02 -3.319906637048833318e+02
5.800000000000000711e+00 -8.142253620010454824e+02 -3.353959644969576175e+02
5.900000000000000355e+00 -8.122556667021361818e+02 -3.347751313073550250e+02
6.000000000000000000e+00 -8.070774641912917104e+02 -3.302296881342346069e+02
6.100000000000000533e+00 -7.995411728181329636e+02 -3.222196135226644174e+02
6.200000000000000178e+00 -7.906243706785054428e+02 -3.115242344940438670e+02
6.300000000000000711e+00 -7.813080126573071311e+02 -2.991635829761643208e+02
6.400000000000000355e+00 -7.724529438153878118e+02 -2.862875381818619758e+02
6.500000000000000000e+00 -7.646911530541004822e+02 -2.740440502953409236e+02
6.600000000000000533e+00 -7.583447775928701731e+02 -2.634405170431123224e+02
6.700000000000000178e+00 -7.533829609268181002e+02 -2.552136321635362890e+02
6.800000000000000711e+00 -7.494225835405244425e+02 -2.497225841512241971e+02
6.900000000000000355e+00 -7.457740605792491806e+02 -2.468783873758734444e+02
7.000000000000000000e+00 -7.415283561252482514e+02 -2.461185952205266858e+02
7.100000000000000533e+00 -7.356766530677671199e+02 -2.464320562681982381e+02
7.200000000000000178e+00 -7.272502638446818537e+02 -2.464332256195941966e+02
7.300000000000000711e+00 -7.154658045067977810e+02 -2.444803884156037839e+02
7.400000000000000355e+00 -6.998596780989641957e+02 -2.388275412803910740e+02
7.500000000000000000e+00 -6.803966462046619199e+02 -2.277960937799185785e+02
7.600000000000000533e+00 -6.575396452563002185e+02 -2.099503624872202181e+02
7.700000000000000178e+00 -6.322717814763027491e+02 -1.842602462439590454e+02
7.800000000000000711e+00 -6.060662156154996865e+02 -1.502355304127039801e+02
7.900000000000000355e+00 -5.808049169256835285e+02 -1.080188357385051603e+02
8.000000000000000000e+00 -5.586524633160818212e+02 -5.842801747256537226e+01
8.099999999999999645e+00 -5.418956398630136846e+02 -2.943430768783808382e+00
8.200000000000001066e+00 -5.327630608817862594e+02 5.635956103381855087e+01
8.300000000000000711e+00 -5.332410563270923376e+02 1.169276338032272946e+02
8.400000000000000355e+00 -5.449024289160352055e+02 1.758866661433444847e+02
8.500000000000000000e+00 -5.687633936997464161e+02 2.302262999548381117e+02
8.599999999999999645e+00 -6.051812266222398193e+02 2.769971178613308780e+02
8.700000000000001066e+00 -6.538012001491343881e+02 3.135049444485800905e+02
8.800000000000000711e+00 -7.135567165526936151e+02 3.374874095555236408e+02
8.900000000000000355e+00 -7.827216708280089961e+02 3.472597604281197619e+02
9.000000000000000000e+00 -8.590094975830961630e+02 3.418197479702103578e+02
9.099999999999999645e+00 -9.397095373309633715e+02 3.209049429153012625e+02
9.200000000000001066e+00 -1.021848650309242316e+03 2.849997265390672396e+02
9.300000000000000711e+00 -1.102364621839493111e+03 2.352931108246604879e+02
9.400000000000000355e+00 -1.178277894269444232e+03 1.735921648350025066e+02
9.500000000000000000e+00 -1.246849420751392472e+03 1.021988971965549524e+02
9.600000000000001421e+00 -1.305714722614345419e+03 2.376077354557480348e+01
9.700000000000001066e+00 -1.352987202242136846e+03 -5.889349125885200209e+01
9.800000000000000711e+00 -1.387327022936586445e+03 -1.429206855581695663e+02
9.900000000000000355e+00 -1.407975023063529306e+03 -2.256205827906883314e+02
1.000000000000000000e+01 -1.414753841966974051e+03 -3.045735382496662851e+02
1.010000000000000142e+01 -1.408040450259086583e+03 -3.777495038918330010e+02
1.020000000000000107e+01 -1.388715467050030838e+03 -4.435822451728878377e+02
1.030000000000000071e+01 -1.358095010016959577e+03 -5.010054064964118652e+02
1.040000000000000036e+01 -1.317850478999366032e+03 -5.494501166673009038e+02
1.050000000000000000e+01 -1.269920831767647769e+03 -5.888068425508243990e+02
1.060000000000000142e+01 -1.216420838429866080e+03 -6.193569754369121938e+02
1.070000000000000107e+01 -1.159547774537746591e+03 -6.416819650934196488e+02
1.080000000000000071e+01 -1.101488271410391690e+03 -6.565595146089027594e+02
1.090000000000000036e+01 -1.044326748141186727e+03 -6.648572607241487731e+02
1.100000000000000000e+01 -9.899570620989253484e+02 -6.674343827921126149e+02
1.110000000000000142e+01 -9.399996779396295778e+02 -6.650606647504205284e+02
1.120000000000000107e+01 -8.957276068874172097e+02 -6.583607100197936006e+02
1.130000000000000071e+01 -8.580053644775131261e+02 -6.477883942514453111e+02
1.140000000000000036e+01 -8.272459502187475664e+02 -6.336334352217781998e+02
1.150000000000000000e+01 -8.033910870402509090e+02 -6.160584392647700724e+02
1.160000000000000142e+01 -7.859194483362123265e+02 -5.951612838527320264e+02
1.170000000000000107e+01 -7.738862225324221527e+02 -5.710545805400274730e+02
1.180000000000000071e+01 -7.659951276251607624e+02 -5.439515894490267556e+02
1.190000000000000036e+01 -7.607010442775959973e+02 -5.142466368735822471e+02
1.200000000000000000e+01 -7.563380760617774285e+02 -4.825780450254628704e+02
1.210000000000000142e+01 -7.512644674542005987e+02 -4.498629184543102042e+02
1.220000000000000107e+01 -7.440128726392518956e+02 -4.172957990726455364e+02
1.230000000000000071e+01 -7.334324292822543612e+02 -3.863069982994076668e+02
1.240000000000000036e+01 -7.188083437583032946e+02 -3.584809900712643866e+02
1.250000000000000000e+01 -6.999455030503248736e+02 -3.354401318072656295e+02
1.260000000000000142e+01 -6.772050824455238853e+02 -3.187036265537907411e+02
1.270000000000000107e+01 -6.514871008928347464e+02 -3.095354871981692781e+02
1.280000000000000071e+01 -6.241570627049916311e+02 -3.087978015705008943e+02
1.290000000000000036e+01 -5.969207065765167499e+02 -3.168264298022152730e+02
1.300000000000000000e+01 -5.716568187923264759e+02 -3.333451691764216775e+02
1.310000000000000142e+01 -5.502233537341127203e+02 -3.574313859711628538e+02
1.320000000000000107e+01 -5.342560614220641355e+02 -3.875413568574577994e+02
1.330000000000000071e+01 -5.249808797807939982e+02 -4.215975219208612543e+02
1.340000000000000036e+01 -5.230611293835127071e+02 -4.571331464905890130e+02
1.350000000000000000e+01 -5.284979211328212614e+02 -4.914832577264560882e+02
1.360000000000000142e+01 -5.405973049119091911e+02 -5.220049399089502913e+02
1.370000000000000107e+01 -5.580109821270333441e+02 -5.463058616219847181e+02
1.380000000000000071e+01 -5.788495533754723965e+02 -5.624578468904220472e+02
1.390000000000000036e+01 -6.008591252509721699e+02 -5.691727477832182558e+02
1.400000000000000000e+01 -6.216445895786597475e+02 -5.659209084116656641e+02
1.410000000000000142e+01 -6.389169186252024701e+02 -5.529779091177701957e+02
1.420000000000000107e+01 -6.507381575880812079e+02 -5.313925345697772400e+02
1.430000000000000071e+01 -6.557369709291203890e+02 -5.028772671029383332e+02
1.440000000000000036e+01 -6.532698312166861569e+02 -4.696311493618662212e+02
1.450000000000000000e+01 -6.435080971984042435e+02 -4.341126086076930619e+02
1.460000000000000142e+01 -6.274388319925249107e+02 -3.987858619606682851e+02
1.470000000000000107e+01 -6.067764771757077824e+02 -3.658680658635967688e+02
1.480000000000000071e+01 -5.837924150916877579e+02 -3.371049357658208692e+02
1.490000000000000036e+01 -5.610788988176552721e+02 -3.135999777380286559e+02
1.500000000000000000e+01 -5.412717026808749097e+02 -2.957169414747573342e+02
1.510000000000000142e+01 -5.267611897325759855e+02 -2.830671768470290317e+02
1.520000000000000107e+01 -5.194236152747243978e+02 -2.745841066735907248e+02
1.530000000000000071e+01 -5.204030511962871515e+02 -2.686770774821292775e+02
1.540000000000000036e+01 -5.299693925538780377e+02 -2.634475664800038999e+02
1.550000000000000000e+01 -5.474699706466268481e+02 -2.569432091310769124e+02
1.560000000000000142e+01 -5.713821825512706027e+02 -2.474202909352513302e+02
1.570000000000000107e+01 -5.994633647096484310e+02 -2.335838484759918288e+02
1.580000000000000071e+01 -6.289831452745684146e+02 -2.147766009940584695e+02
1.590000000000000036e+01 -6.570139687601742935e+02 -1.910934206964964801e+02
1.600000000000000000e+01 -6.807485166281069269e+02 -1.634063767127088056e+02
1.610000000000000142e+01 -6.978091922151406834e+02 -1.332956344752202540e+02
1.619999999999999929e+01 -7.065151620295001749e+02 -1.028924927707516019e+02
1.630000000000000071e+01 -7.060766724903957083e+02 -7.465131469771415595e+01
1.640000000000000213e+01 -6.966940670998808400e+02 -5.107581255051699998e+01
1.650000000000000000e+01 -6.795492831639232918e+02 -3.443102140372103293e+01
1.660000000000000142e+01 -6.566894640011302045e+02 -2.647459728859314865e+01
1.669999999999999929e+01 -6.308143509128366304e+02 -2.823946713778323314e+01
1.680000000000000071e+01 -6.049899545128614591e+02 -3.989445841482661592e+01
1.690000000000000213e+01 -5.823194071296550192e+02 -6.070091492021226998e+01
1.700000000000000000e+01 -5.656068954891910607e+02 -8.907241913237626818e+01
1.710000000000000142e+01 -5.570515772877665768e+02 -1.227328299417640096e+02
1.719999999999999929e+01 -5.580052612109888059e+02 -1.589562867597079219e+02
1.730000000000000071e+01 -5.688207129518117426e+02 -1.948629846300460713e+02
1.740000000000000213e+01 -5.888075091967690469e+02 -2.277375666453935708e+02
1.750000000000000000e+01 -6.163005130713341941e+02 -2.553337640268843245e+02
1.760000000000000142e+01 -6.488336222352272671e+02 -2.761298686072991586e+02
1.769999999999999929e+01 -6.833998438188880300e+02 -2.895046936680556087e+02
1.780000000000000071e+01 -7.167692820930551534e+02 -2.958123333692039409e+02
1.790000000000000213e+01 -7.458303434633945699e+02 -2.963453120689136995e+02
1.800000000000000000e+01 -7.679170617404652148e+02 -2.931883515868505015e+02
1.810000000000000142e+01 -7.810871739500443027e+02 -2.889775365854066536e+02
1.819999999999999929e+01 -7.843212131284799398e+02 -2.865906823449835201e+02
1.830000000000000071e+01 -7.776217685024319053e+02 -2.888029263752628708e+02
1.840000000000000213e+01 -7.620031722107565884e+02 -2.979460101628419579e+02
1.850000000000000000e+01 -7.393739406385727762e+02 -3.156098512168776438e+02
1.860000000000000142e+01 -7.123259680739041642e+02 -3.424207802845267565e+02
1.869999999999999929e+01 -6.838544427831985786e+02 -3.779226836116620802e+02
1.880000000000000071e+01 -6.570396414411660544e+02 -4.205761419082801922e+02
1.890000000000000213e+01 -6.347253978039043432e+02 -4.678777375422550335e+02
1.900000000000000000e+01 -6.192287877347123413e+02 -5.165884536371086142e+02
1.910000000000000142e+01 -6.121115217561674626e+02 -5.630479953221704363e+02
1.920000000000000284e+01 -6.140362104908330139e+02 -6.035422756051306123e+02
1.930000000000000071e+01 -6.247209483396167116e+02 -6.346852934235155317e+02
1.940000000000000213e+01 -6.429946783939731176e+02 -6.537748528099270970e+02
1.950000000000000000e+01 -6.669448060526070776e+02 -6.590842165650423112e+02
1.960000000000000142e+01 -6.941387420951783724e+02 -6.500585476155713422e+02
1.970000000000000284e+01 -7.218935347283290866e+02 -6.273951026307529446e+02
1.980000000000000071e+01 -7.475632698434872054e+02 -5.929984758859275189e+02
1.990000000000000213e+01 -7.688128929356530534e+02 -5.498153819363660659e+02
2.000000000000000000e+01 -7.838495492291790470e+02 -5.015660689587796810e+02
2.010000000000000142e+01 -7.915880754059460287e+02 -4.524001091829590564e+02
2.020000000000000284e+01 -7.917351962117479616e+02 -4.065118909816533801e+02
2.030000000000000071e+01 -7.847863266207909874e+02 -3.677548669037859099e+02
2.040000000000000213e+01 -7.719385709218520333e+02 -3.392931565637849758e+02
2.050000000000000000e+01 -7.549324581656360351e+02 -3.233245906339518001e+02
2.060000000000000142e+01 -7.358421944304969884e+02 -3.209012807218844046e+02
2.070000000000000284e+01 -7.168390082731036728e+02 -3.318632460377356210e+02
2.080000000000000071e+01 -6.999540802115180895e+02 -3.548887132805489273e+02
2.090000000000000213e+01 -6.868664835841235572e+02 -3.876527399492182440e+02
2.100000000000000000e+01 -6.787377635514444592e+02 -4.270750712681847858e+02
2.110000000000000142e+01 -6.761087809074567758e+02 -4.696297337767909426e+02
2.120000000000000284e+01 -6.788670087737347103e+02 -5.116836126291746041e+02
2.130000000000000071e+01 -6.862844819613796972e+02 -5.498296034700146038e+02
2.140000000000000213e+01 -6.971189710817354808e+02 -5.811819153740874526e+02
2.150000000000000000e+01 -7.097645140150153793e+02 -6.036063738309344444e+02
2.160000000000000142e+01 -7.224328411222226123e+02 -6.158664342775400655e+02
2.170000000000000284e+01 -7.333448938873176530e+02 -6.176751170379440055e+02
2.180000000000000071e+01 -7.409117013790933015e+02 -6.096531266464166947e+02
2.190000000000000213e+01 -7.438862099788370870e+02 -5.932029247312780171e+02
2.200000000000000000e+01 -7.414718765879838429e+02 -5.703164998639985015e+02
2.210000000000000142e+01 -7.333793599910627563e+02 -5.433402499510975758e+02
2.220000000000000284e+01 -7.198287890795832027e+02 -5.147232840118061858e+02
2.230000000000000071e+01 -7.015011286568633295e+02 -4.867754116786554164e+02
2.240000000000000213e+01 -6.794474342444091235e+02 -4.614583010312521196e+02
2.250000000000000000e+01 -6.549687429120008346e+02 -4.402282203459943730e+02
2.260000000000000142e+01 -6.294816241999726572e+02 -4.239421309707620935e+02
2.270000000000000284e+01 -6.043848616640951832e+02 -4.128314917415763148e+02
2.280000000000000071e+01 -5.809414159734233181e+02 -4.065408249594563586e+02
2.290000000000000213e+01 -5.601869959496139018e+02 -4.042216658467468733e+02
2.300000000000000000e+01 -5.428726508903553167e+02 -4.046676035845974297e+02
2.310000000000000142e+01 -5.294443111273525346e+02 -4.064731385729118074e+02
2.320000000000000284e+01 -5.200576934050289992e+02 -4.081981947308086092e+02
2.330000000000000071e+01 -5.146229723904227740e+02 -4.085212544050364727e+02
2.340000000000000213e+01 -5.128705310070632777e+02 -4.063669215139178164e+02
2.350000000000000000e+01 -5.144272406453737858e+02 -4.009977911455752064e+02
2.360000000000000142e+01 -5.188922304970885762e+02 -3.920652359894129972e+02
2.370000000000000284e+01 -5.259019618675418997e+02 -3.796185130646363746e+02
2.380000000000000071e+01 -5.351764547136522197e+02 -3.640758997019038929e+02
2.390000000000000213e+01 -5.465414223899342687e+02 -3.461649493955752632e+02
2.400000000000000000e+01 -5.599244757973818878e+02 -3.268411354999088303e+02
