0.000000000000000000e+00 -4.951679272567474754e+02 -1.568465181432875397e+02
1.000000000000000056e-01 -4.621592159375113624e+02 -1.423871477247541861e+02
2.000000000000000111e-01 -4.320791489016039577e+02 -1.239076805368445946e+02
3.000000000000000444e-01 -4.057564154344343592e+02 -1.021438624669899013e+02
4.000000000000000222e-01 -3.838699446518017453e+02 -7.798489472871914074e+01
5.000000000000000000e-01 -3.669180222511189413e+02 -5.243731277565407822e+01
6.000000000000000888e-01 -3.551953707266924880e+02 -2.658269835224922062e+01
7.000000000000000666e-01 -3.487794460229921469e+02 -1.531053424395001805e+00
8.000000000000000444e-01 -3.475267561675952948e+02 2.162808631998277065e+01
9.000000000000000222e-01 -3.510795113288397715e+02 4.187456777543825126e+01
1.000000000000000000e+00 -3.588823957756927712e+02 5.830428862016650271e+01
1.100000000000000089e+00 -3.702087377364458689e+02 7.017140235004579552e+01
1.200000000000000178e+00 -3.841948705849455337e+02 7.692401704216271696e+01
1.300000000000000044e+00 -3.998810541087684669e+02 7.823161927042220043e+01
1.400000000000000133e+00 -4.162569809196194797e+02 7.400281984000265822e+01
1.500000000000000000e+00 -4.323096492461423850e+02 6.439245734420802592e+01
1.600000000000000089e+00 -4.470712530304614916e+02 4.979758834908644616e+01
1.700000000000000178e+00 -4.596647310058898483e+02 3.084241564417952830e+01
1.800000000000000044e+00 -4.693447293322899441e+02 8.352732987909487150e+00
1.900000000000000133e+00 -4.755319618786085130e+02 -1.667902991288497105e+01
2.000000000000000000e+00 -4.778392865212210268e+02 -4.313662009250199247e+01
2.100000000000000089e+00 -4.760882373371089216e+02 -6.982870139669724097e+01
2.200000000000000178e+00 -4.703152390428939498e+02 -9.554129355889008934e+01
2.300000000000000266e+00 -4.607672556781237176e+02 -1.190914895386254102e+02
2.400000000000000355e+00 -4.478871624676658030e+02 -1.393799541724415008e+02
2.500000000000000000e+00 -4.322896495709366604e+02 -1.554397518379578287e+02
2.600000000000000089e+00 -4.147289415808510853e+02 -1.664792149928242679e+02
2.700000000000000178e+00 -3.960600222235371461e+02 -1.719168417528156851e+02
2.800000000000000266e+00 -3.771953686497453191e+02 -1.714065860584968277e+02
2.900000000000000355e+00 -3.590594079296478753e+02 -1.648523603247797951e+02
3.000000000000000000e+00 -3.425429996619141093e+02 -1.524110854796555259e+02
3.100000000000000089e+00 -3.284602191770323998e+02 -1.344841716295725860e+02
3.200000000000000178e+00 -3.175095684043478741e+02 -1.116978671153545974e+02
3.300000000000000266e+00 -3.102414851888582916e+02 -8.487344692156140979e+01
3.400000000000000355e+00 -3.070336715932484708e+02 -5.498869675679858204e+01
3.500000000000000000e+00 -3.080753373307895231e+02 -2.313256247922822340e+01
3.600000000000000089e+00 -3.133609795507346689e+02 9.544844649073372267e+00
3.700000000000000178e+00 -3.226938207770889449e+02 4.188448402148166849e+01
3.800000000000000266e+00 -3.356985298868141854e+02 7.277036667254111535e+01
3.900000000000000355e+00 -3.518423830683773303e+02 1.011788145084345842e+02
4.000000000000000000e+00 -3.704636071956800265e+02 1.262226821918994943e+02
4.100000000000000533e+00 -3.908053081371530197e+02 1.471884905735004168e+02
4.200000000000000178e+00 -4.120531379094319959e+02 1.635647847111446822e+02
4.299999999999999822e+00 -4.333747087040627548e+02 1.750604745985008890e+02
4.400000000000000355e+00 -4.539587242575734081e+02 1.816124199480163668e+02
4.500000000000000000e+00 -4.730518693587069379e+02 1.833820561000491409e+02
4.600000000000000533e+00 -4.899916701559862418e+02 1.807413991749829165e+02
4.700000000000000178e+00 -5.042337995849363210e+02 1.742492876366995347e+02
4.800000000000000711e+00 -5.153726372633972233e+02 1.646191884547644406e+02
4.900000000000000355e+00 -5.231542815540664151e+02 1.526802956108067804e+02
5.000000000000000000e+00 -5.274816306796790286e+02 1.393339571690257799e+02
5.100000000000000533e+00 -5.284115761926608457e+02 1.255076696961590841e+02
5.200000000000000178e+00 -5.261447623733562295e+02 1.121089661822347097e+02
5.300000000000000711e+00 -5.210087374218801415e+02 9.998149247006872997e+01
5.400000000000000355e+00 -5.134356375067595764e+02 8.986542035043487431e+01
5.500000000000000000e+00 -5.039357874562397797e+02 8.236409164584236464e+01
5.600000000000000533e+00 -4.930687612376204925e+02 7.791844094020261480e+01
5.700000000000000178e+00 -4.814135154611368534e+02 7.679032391542540381e+01
5.800000000000000711e+00 -4.695391892352735681e+02 7.905540596568775413e+01
5.900000000000000355e+00 -4.579780581171195877e+02 8.460576675076033837e+01
6.000000000000000000e+00 -4.472019476306649040e+02 9.316187661946582921e+01
6.100000000000000533e+00 -4.376031658550609791e+02 1.042931261408008510e+02
6.200000000000000178e+00 -4.294807210324781863e+02 1.174456645014420815e+02
6.300000000000000711e+00 -4.230322672369720749e+02 1.319759476176957662e+02
6.400000000000000355e+00 -4.183518880989257127e+02 1.471881299110488044e+02
6.500000000000000000e+00 -4.154335044658319589e+02 1.623732674734000625e+02
6.600000000000000533e+00 -4.141793945329170583e+02 1.768482420749047037e+02
6.700000000000000178e+00 -4.144130600078646012e+02 1.899923667075669869e+02
6.800000000000000711e+00 -4.158954718512479758e+02 2.012797899464364377e+02
6.900000000000000355e+00 -4.183435929692537343e+02 2.103060687386333996e+02
7.000000000000000000e+00 -4.214500078034452599e+02 2.168076128130478537e+02
7.100000000000000533e+00 -4.249024907764321597e+02 2.206731001962415917e+02
7.200000000000000178e+00 -4.284024136855695701e+02 2.219464007422478176e+02
7.300000000000000711e+00 -4.316810193797996362e+02 2.208209996885488238e+02
7.400000000000000355e+00 -4.345127652778056131e+02 2.176263619787369237e+02
7.500000000000000000e+00 -4.367251529642180117e+02 2.128070970447388106e+02
7.600000000000000533e+00 -4.382046951553664940e+02 2.068961513984492626e+02
7.700000000000000178e+00 -4.388989140220548961e+02 2.004835542103737112e+02
7.800000000000000711e+00 -4.388145007054882853e+02 1.941824544367682961e+02
7.900000000000000355e+00 -4.380119814716289852e+02 1.885943070160937225e+02
8.000000000000000000e+00 -4.365974197715796095e+02 1.842750853033231806e+02
8.099999999999999645e+00 -4.347118264136085486e+02 1.817043176385436425e+02
8.200000000000001066e+00 -4.325190458891825074e+02 1.812585733281416935e+02
8.300000000000000711e+00 -4.301929325310425156e+02 1.831907677400644729e+02
8.400000000000000355e+00 -4.279046256694310273e+02 1.876163322622702765e+02
8.500000000000000000e+00 -4.258106813417149397e+02 1.945069204949334960e+02
8.599999999999999645e+00 -4.240427251098107604e+02 2.036919175623857257e+02
8.700000000000001066e+00 -4.226991640356577022e+02 2.148676064266830679e+02
8.800000000000000711e+00 -4.218393453271798990e+02 2.276134452592775972e+02
8.900000000000000355e+00 -4.214803849843286230e+02 2.414145439487624571e+02
9.000000000000000000e+00 -4.215967225653885748e+02 2.556891142605268783e+02
9.099999999999999645e+00 -4.221222981366640852e+02 2.698194225486402615e+02
9.200000000000001066e+00 -4.229551036947603393e+02 2.831846079785500478e+02
9.300000000000000711e+00 -4.239637414313137356e+02 2.951936503249535235e+02
9.400000000000000355e+00 -4.249955307703012863e+02 3.053167822720174627e+02
9.500000000000000000e+00 -4.258856485845178668e+02 3.131137397489498539e+02
9.600000000000001421e+00 -4.264667635483576760e+02 3.182574236363456635e+02
9.700000000000001066e+00 -4.265786351498444446e+02 3.205517965252403769e+02
9.800000000000000711e+00 -4.260771873920515418e+02 3.199431449780372532e+02
9.900000000000000355e+00 -4.248426318961803645e+02 3.165241841399926557e+02
1.000000000000000000e+01 -4.227862989323583065e+02 3.105308490588345194e+02
1.010000000000000142e+01 -4.198559310072236030e+02 3.023319864345740484e+02
1.020000000000000107e+01 -4.160392948926075292e+02 2.924125127785564473e+02
1.030000000000000071e+01 -4.113660674525193031e+02 2.813509224231726193e+02
1.040000000000000036e+01 -4.059080420403467429e+02 2.697922959772353693e+02
1.050000000000000000e+01 -3.997777803643651851e+02 2.584181640888922971e+02
1.060000000000000142e+01 -3.931258956671790656e+02 2.479147137079714014e+02
1.070000000000000107e+01 -3.861371944699803862e+02 2.389408793028076161e+02
1.080000000000000071e+01 -3.790259252292771066e+02 2.320978386495100381e+02
1.090000000000000036e+01 -3.720303838281133721e+02 2.279013348937891692e+02
1.100000000000000000e+01 -3.654071100623431789e+02 2.267580804025292878e+02
1.110000000000000142e+01 -3.594248795280325339e+02 2.289472736350418813e+02
1.120000000000000107e+01 -3.543586557523346983e+02 2.346079907615927596e+02
1.130000000000000071e+01 -3.504836227006140348e+02 2.437329139115050793e+02
1.140000000000000036e+01 -3.480693726996166220e+02 2.561685437684631665e+02
1.150000000000000000e+01 -3.473742838298066999e+02 2.716217320509205706e+02
1.160000000000000142e+01 -3.486400878389008540e+02 2.896720749431730155e+02
1.170000000000000107e+01 -3.520866076016042712e+02 3.097894461097654357e+02
1.180000000000000071e+01 -3.579066339895796887e+02 3.313557297619328210e+02
1.190000000000000036e+01 -3.662609163977317053e+02 3.536896498957786434e+02
1.200000000000000000e+01 -3.772732585339672369e+02 3.760734877296669083e+02
1.210000000000000142e+01 -3.910257396807999157e+02 3.977804386267118275e+02
1.220000000000000107e+01 -4.075541187152876432e+02 4.181013820865404682e+02
1.230000000000000071e+01 -4.268435201637307728e+02 4.363699201397016054e+02
1.240000000000000036e+01 -4.488245443796450331e+02 4.519846741105683918e+02
1.250000000000000000e+01 -4.733699832642636238e+02 4.644280081338835657e+02
1.260000000000000142e+01 -5.002923546040766496e+02 4.732805589636140553e+02
1.270000000000000107e+01 -5.293424883067392557e+02 4.782311831523617798e+02
1.280000000000000071e+01 -5.602094035038935544e+02 4.790821716708153986e+02
1.290000000000000036e+01 -5.925217045178249009e+02 4.757498156781317675e+02
1.300000000000000000e+01 -6.258506950167804916e+02 4.682606234651412933e+02
1.310000000000000142e+01 -6.597153634586063617e+02 4.567436770343174430e+02
1.320000000000000107e+01 -6.935893304925878056e+02 4.414197687781698392e+02
1.330000000000000071e+01 -7.269097728391240025e+02 4.225880680549611270e+02
1.340000000000000036e+01 -7.590882517767146282e+02 4.006111305327798959e+02
1.350000000000000000e+01 -7.895232820130424898e+02 3.758990790857467914e+02
1.360000000000000142e+01 -8.176143832259111832e+02 3.488937555404507975e+02
1.370000000000000107e+01 -8.427772670215890685e+02 3.200535719003088388e+02
1.380000000000000071e+01 -8.644597315356705849e+02 2.898396841541361368e+02
1.390000000000000036e+01 -8.821577691394943486e+02 2.587039794145538849e+02
1.400000000000000000e+01 -8.954313438710510127e+02 2.270792170997251560e+02
1.410000000000000142e+01 -9.039192676209314641e+02 1.953715069215788844e+02
1.420000000000000107e+01 -9.073526001063552258e+02 1.639551503282141596e+02
1.430000000000000071e+01 -9.055660184659018341e+02 1.331697269543624031e+02
1.440000000000000036e+01 -8.985066479187686355e+02 1.033191816663804588e+02
1.450000000000000000e+01 -8.862399141783253071e+02 7.467256753380873135e+01
1.460000000000000142e+01 -8.689520688837142188e+02 4.746603025206903226e+01
1.470000000000000107e+01 -8.469491478951337058e+02 2.190558284667352140e+01
1.480000000000000071e+01 -8.206522447173982755e+02 -1.829783580666009435e+00
1.490000000000000036e+01 -7.905891127493156318e+02 -2.358507835015225851e+01
1.500000000000000000e+01 -7.573822452500959344e+02 -4.322674680133302161e+01
1.510000000000000142e+01 -7.217337154193828610e+02 -6.064085014752559744e+01
1.520000000000000107e+01 -6.844071853935166700e+02 -7.573217928650198871e+01
1.530000000000000071e+01 -6.462076071181960515e+02 -8.842438540604580055e+01
1.540000000000000036e+01 -6.079592352838991474e+02 -9.866110169068502955e+01
1.550000000000000000e+01 -5.704826487658502856e+02 -1.064079278412979903e+02
1.560000000000000142e+01 -5.345715290454920705e+02 -1.116550594749630818e+02
1.570000000000000107e+01 -5.009699695570451468e+02 -1.144202737651840067e+02
1.580000000000000071e+01 -4.703510874289921730e+02 -1.147519355153107625e+02
1.590000000000000036e+01 -4.432976783216527110e+02 -1.127316671828625232e+02
1.600000000000000000e+01 -4.202855966668851124e+02 -1.084763333309325759e+02
1.610000000000000142e+01 -4.016704592612066449e+02 -1.021390238595581792e+02
1.619999999999999929e+01 -3.876781624601134126e+02 -9.390877866295679155e+01
1.630000000000000071e+01 -3.783995756446323071e+02 -8.400887495981541520e+01
1.640000000000000213e+01 -3.737896304175138198e+02 -7.269359201820391547e+01
1.650000000000000000e+01 -3.736708710093375316e+02 -6.024346994116022103e+01
1.660000000000000142e+01 -3.777413720010329143e+02 -4.695918264043393719e+01
1.669999999999999929e+01 -3.855867703987271966e+02 -3.315424305047230291e+01
1.680000000000000071e+01 -3.966960061866844285e+02 -1.914684432250080803e+01
1.690000000000000213e+01 -4.104802245602738253e+02 -5.251208274251444763e+00
1.700000000000000000e+01 -4.262941696991072149e+02 8.231142994726948103e+00
1.710000000000000142e+01 -4.434592993415329261e+02 2.101975795382957912e+01
1.719999999999999929e+01 -4.612877760853506288e+02 3.286284389123927951e+01
1.730000000000000071e+01 -4.791064489441931755e+02 4.354368433895567847e+01
1.740000000000000213e+01 -4.962799298836481512e+02 5.288555981531354178e+01
1.750000000000000000e+01 -5.122318963007500088e+02 6.075493021241095448e+01
1.760000000000000142e+01 -5.264638118211717028e+02 6.706273799054307005e+01
1.769999999999999929e+01 -5.385703530763342997e+02 7.176380250679117978e+01
1.780000000000000071e+01 -5.482509565320577849e+02 7.485439022082000804e+01
1.790000000000000213e+01 -5.553170527725244483e+02 7.636815578971950913e+01
1.800000000000000000e+01 -5.596947303409965571e+02 7.637074793617104262e+01
1.810000000000000142e+01 -5.614227605398640435e+02 7.495345481366263130e+01
1.819999999999999929e+01 -5.606461107546198264e+02 7.222632080770705443e+01
1.830000000000000071e+01 -5.576052684557129169e+02 6.831119613114751132e+01
1.840000000000000213e+01 -5.526218822725036262e+02 6.333517973434726400e+01
1.850000000000000000e+01 -5.460813916987660832e+02 5.742488439913250176e+01
1.860000000000000142e+01 -5.384134548262312592e+02 5.070189183890781948e+01
1.869999999999999929e+01 -5.300710866627706537e+02 4.327967853944463883e+01
1.880000000000000071e+01 -5.215094830480688870e+02 3.526218506548291032e+01
1.890000000000000213e+01 -5.131655226072009555e+02 2.674407923522121422e+01
1.900000000000000000e+01 -5.054389092762487508e+02 1.781263464573928701e+01
1.910000000000000142e+01 -4.986758406422180201e+02 8.551018889803927436e+00
1.920000000000000284e+01 -4.931559649923513575e+02 -9.573310419140934613e-01
1.930000000000000071e+01 -4.890832272874345108e+02 -1.062366709202261816e+01
1.940000000000000213e+01 -4.865810082543121098e+02 -2.034871586450964287e+01
1.950000000000000000e+01 -4.856917404508683944e+02 -3.001782663836251785e+01
1.960000000000000142e+01 -4.863809511541947472e+02 -3.949702220156683552e+01
1.970000000000000284e+01 -4.885454460782746651e+02 -4.863046115357986565e+01
1.980000000000000071e+01 -4.920251226355211998e+02 -5.723975124938489500e+01
1.990000000000000213e+01 -4.966176990413514432e+02 -6.512544979995199412e+01
2.000000000000000000e+01 -5.020954776007412761e+02 -7.207095408750384991e+01
2.010000000000000142e+01 -5.082231371714067905e+02 -7.784882924544920968e+01
2.020000000000000284e+01 -5.147754791885166696e+02 -8.222945184799192475e+01
2.030000000000000071e+01 -5.215540392951266995e+02 -8.499167455414378480e+01
2.040000000000000213e+01 -5.284015250792843972e+02 -8.593505124540224926e+01
2.050000000000000000e+01 -5.352131489238664699e+02 -8.489301394984859428e+01
2.060000000000000142e+01 -5.419440894045121695e+02 -8.174627265357275974e+01
2.070000000000000284e+01 -5.486125276160317981e+02 -7.643562585902752460e+01
2.080000000000000071e+01 -5.552979558582176196e+02 -6.897333067169140008e+01
2.090000000000000213e+01 -5.621347323238620675e+02 -5.945219120941191449e+01
2.100000000000000000e+01 -5.693011419594158724e+02 -4.805158549202828766e+01
2.110000000000000142e+01 -5.770045045351957924e+02 -3.503976302698752221e+01
2.120000000000000284e+01 -5.854631299249413132e+02 -2.077190440617062706e+01
2.130000000000000071e+01 -5.948861420637963420e+02 -5.683633803031173493e+00
2.140000000000000213e+01 -6.054523630075024130e+02 9.720093916412650970e+00
2.150000000000000000e+01 -6.172895553618882332e+02 2.488055914353567744e+01
2.160000000000000142e+01 -6.304553566830571754e+02 3.920486695551247180e+01
2.170000000000000284e+01 -6.449211986403652190e+02 5.208888067935768618e+01
2.180000000000000071e+01 -6.605603863470689703e+02 6.294259237074149382e+01
2.190000000000000213e+01 -6.771413232175606254e+02 7.121683081831794482e+01
2.200000000000000000e+01 -6.943266122140214520e+02 7.643006369761728536e+01
2.210000000000000142e+01 -7.116784575740391574e+02 7.819396505956387955e+01
2.220000000000000284e+01 -7.286704476428236603e+02 7.623640004741295684e+01
2.230000000000000071e+01 -7.447054374736545697e+02 7.042052989740699331e+01
2.240000000000000213e+01 -7.591388892824533059e+02 6.075886253737631648e+01
2.250000000000000000e+01 -7.713066901086805274e+02 4.742126426299844155e+01
2.260000000000000142e+01 -7.805561690429082091e+02 3.073619904672074910e+01
2.270000000000000284e+01 -7.862787993115445033e+02 1.118476345695049545e+01
2.280000000000000071e+01 -7.879429087332089239e+02 -1.061257675043746573e+01
2.290000000000000213e+01 -7.851246471831873350e+02 -3.391628373971044397e+01
2.300000000000000000e+01 -7.775354787858024110e+02 -5.789445261540942056e+01
2.310000000000000142e+01 -7.650445815917115624e+02 -8.165495351751596331e+01
2.320000000000000284e+01 -7.476947451518512935e+02 -1.042817295437792779e+02
2.330000000000000071e+01 -7.257106480519369143e+02 -1.248737108542773910e+02
2.340000000000000213e+01 -6.994987595624878622e+02 -1.425846141796905897e+02
2.350000000000000000e+01 -6.696385242318000337e+02 -1.566617853349868028e+02
2.360000000000000142e+01 -6.368649342446448145e+02 -1.664822187438289234e+02
2.370000000000000284e+01 -6.020430481446855993e+02 -1.715839566116826802e+02
2.380000000000000071e+01 -5.661354515151052738e+02 -1.716912308014019288e+02
2.390000000000000213e+01 -5.301640512136834786e+02 -1.667319574554749408e+02
2.400000000000000000e+01 -4.951679272567474754e+02 -1.568465181432875397e+02
