0.000000000000000000e+00 -6.375410331623204456e+02 -2.879153629471691147e+02
1.000000000000000056e-01 -6.371283005951302130e+02 -2.774189272381044589e+02
2.000000000000000111e-01 -6.376851482373994031e+02 -2.651884380628941926e+02
3.000000000000000444e-01 -6.392430623506302254e+02 -2.517723976974337745e+02
4.000000000000000222e-01 -6.418136895360057679e+02 -2.377006709077732864e+02
5.000000000000000000e-01 -6.453824030751400187e+02 -2.234601763019183522e+02
6.000000000000000888e-01 -6.499022919021075495e+02 -2.094750757624155995e+02
7.000000000000000666e-01 -6.552891085914930045e+02 -1.960922265785300738e+02
8.000000000000000444e-01 -6.614176675501873888e+02 -1.835723220445350137e+02
9.000000000000000222e-01 -6.681201089122863550e+02 -1.720868017189215209e+02
1.000000000000000000e+00 -6.751863419508745210e+02 -1.617202817280650606e+02
1.100000000000000089e+00 -6.823668599355659126e+02 -1.524779563115913561e+02
1.200000000000000178e+00 -6.893779830633017127e+02 -1.442971695550814957e+02
1.300000000000000044e+00 -6.959094447820830283e+02 -1.370621629338799607e+02
1.400000000000000133e+00 -7.016340971726463067e+02 -1.306208780363903657e+02
1.500000000000000000e+00 -7.062193805792898047e+02 -1.248026386211672332e+02
1.600000000000000089e+00 -7.093400884161380873e+02 -1.194355517470656878e+02
1.700000000000000178e+00 -7.106918662085907954e+02 -1.143625498284668964e+02
1.800000000000000044e+00 -7.100048195170605823e+02 -1.094551362195157367e+02
1.900000000000000133e+00 -7.070565721128082259e+02 -1.046240854198182859e+02
2.000000000000000000e+00 -7.016841157659520150e+02 -9.982657205636130016e+01
2.100000000000000089e+00 -6.937938267440960090e+02 -9.506944586417317566e+01
2.200000000000000178e+00 -6.833690904087311537e+02 -9.040861789011059102e+01
2.300000000000000266e+00 -6.704750713112134690e+02 -8.594476140189053126e+01
2.400000000000000355e+00 -6.552602876066754334e+02 -8.181574605063249805e+01
2.500000000000000000e+00 -6.379547897968958523e+02 -7.818640422516354249e+01
2.600000000000000089e+00 -6.188648981152084616e+02 -7.523636531653922077e+01
2.700000000000000178e+00 -5.983646128826329686e+02 -7.314678081275103239e+01
2.800000000000000266e+00 -5.768839701220614415e+02 -7.208679798494578961e+01
2.900000000000000355e+00 -5.548947628411162896e+02 -7.220062283797777525e+01
3.000000000000000000e+00 -5.328941792867360618e+02 -7.359594745462933929e+01
3.100000000000000089e+00 -5.113870164853433948e+02 -7.633440904175978403e+01
3.200000000000000178e+00 -4.908672049482999000e+02 -8.042460627786250882e+01
3.300000000000000266e+00 -4.717994243601458493e+02 -8.581803296475547427e+01
3.400000000000000355e+00 -4.546015978047591943e+02 -9.240811043563313376e+01
3.500000000000000000e+00 -4.396290228160576703e+02 -1.000323198323882821e+02
3.600000000000000089e+00 -4.271608322947059264e+02 -1.084772639434855961e+02
3.700000000000000178e+00 -4.173893799528403861e+02 -1.174863354055908076e+02
3.800000000000000266e+00 -4.104130179741072766e+02 -1.267695417036044461e+02
3.900000000000000355e+00 -4.062325850350341625e+02 -1.360149434949524903e+02
4.000000000000000000e+00 -4.047517579550270170e+02 -1.449011049578885775e+02
4.100000000000000533e+00 -4.057812480963776807e+02 -1.531099343106867536e+02
4.200000000000000178e+00 -4.090466527222882860e+02 -1.603393081699776985e+02
4.299999999999999822e+00 -4.141996103255327171e+02 -1.663149216165122368e+02
4.400000000000000355e+00 -4.208317654820691018e+02 -1.708008814489557494e+02
4.500000000000000000e+00 -4.284909301795225929e+02 -1.736086564272291923e+02
4.600000000000000533e+00 -4.366987406398556573e+02 -1.746041077057807342e+02
4.700000000000000178e+00 -4.449690555915910863e+02 -1.737124371282092739e+02
4.800000000000000711e+00 -4.528263260706825690e+02 -1.709210027735223036e+02
4.900000000000000355e+00 -4.598231884467824671e+02 -1.662800529930921414e+02
5.000000000000000000e+00 -4.655565897444017764e+02 -1.599015162044580336e+02
5.100000000000000533e+00 -4.696818437598712990e+02 -1.519560494944163054e+02
5.200000000000000178e+00 -4.719241325141213110e+02 -1.426685919931483113e+02
5.300000000000000711e+00 -4.720871033319550634e+02 -1.323126882806527078e+02
5.400000000000000355e+00 -4.700583593596143146e+02 -1.212038439317925906e+02
5.500000000000000000e+00 -4.658117921067151315e+02 -1.096921525928143240e+02
5.600000000000000533e+00 -4.594068500430309427e+02 -9.815439607856160364e+01
5.700000000000000178e+00 -4.509849692684289835e+02 -8.698577135717448527e+01
5.800000000000000711e+00 -4.407635036361515972e+02 -7.659134707753020166e+01
5.900000000000000355e+00 -4.290275766822601327e+02 -6.737730379267617309e+01
6.000000000000000000e+00 -4.161203323064223127e+02 -5.974197220693729804e+01
6.100000000000000533e+00 -4.024320834015646824e+02 -5.406665778239151621e+01
6.200000000000000178e+00 -3.883888477455104180e+02 -5.070623180686359177e+01
6.300000000000000711e+00 -3.744407208064743031e+02 -4.997948090489290962e+01
6.400000000000000355e+00 -3.610504700437128349e+02 -5.215923951931471692e+01
6.500000000000000000e+00 -3.486826508955990107e+02 -5.746238175315335894e+01
6.600000000000000533e+00 -3.377934483477830554e+02 -6.603981691297840939e+01
6.700000000000000178e+00 -3.288213479853145600e+02 -7.796671219801294228e+01
6.800000000000000711e+00 -3.221786452182710718e+02 -9.323324987643090367e+01
6.900000000000000355e+00 -3.182437190339841777e+02 -1.117363076050181263e+02
7.000000000000000000e+00 -3.173539343193316995e+02 -1.332725213741833272e+02
7.100000000000000533e+00 -3.197990001624128809e+02 -1.575332430061376101e+02
7.200000000000000178e+00 -3.258146042736202617e+02 -1.841019308938521419e+02
7.300000000000000711e+00 -3.355761671543461375e+02 -2.124545075782056927e+02
7.400000000000000355e+00 -3.491926127945646954e+02 -2.419631763074195021e+02
7.500000000000000000e+00 -3.667001318988120602e+02 -2.719041084706517495e+02
7.600000000000000533e+00 -3.880560129719719384e+02 -3.014692947019077565e+02
7.700000000000000178e+00 -4.131327280650208422e+02 -3.297826970360300152e+02
7.800000000000000711e+00 -4.417125740695099694e+02 -3.559206528845723483e+02
7.900000000000000355e+00 -4.734832767177491064e+02 -3.789362713644351857e+02
8.000000000000000000e+00 -5.080350522425862323e+02 -3.978873384001882414e+02
8.099999999999999645e+00 -5.448596808801373754e+02 -4.118670204994673441e+02
8.200000000000001066e+00 -5.833521682875693841e+02 -4.200364407910144564e+02
8.300000000000000711e+00 -6.228155487654827311e+02 -4.216580079224409587e+02
8.400000000000000355e+00 -6.624693138533800720e+02 -4.161282215951551393e+02
8.500000000000000000e+00 -7.014618304780309472e+02 -4.030085697129457003e+02
8.599999999999999645e+00 -7.388869468779738554e+02 -3.820530814324993116e+02
8.700000000000001066e+00 -7.738047780075730770e+02 -3.532311154890369949e+02
8.800000000000000711e+00 -8.052664243987369446e+02 -3.167440486750933246e+02
8.900000000000000355e+00 -8.323421218532846524e+02 -2.730346864668384796e+02
9.000000000000000000e+00 -8.541520585457362813e+02 -2.227884439842837594e+02
9.099999999999999645e+00 -8.698988473984655911e+02 -1.669256343947414791e+02
9.200000000000001066e+00 -8.789004218411765805e+02 -1.065845434926314397e+02
9.300000000000000711e+00 -8.806219487655790772e+02 -4.309535012591511816e+01
9.400000000000000355e+00 -8.747052386282933867e+02 2.205464382966466275e+01
9.500000000000000000e+00 -8.609940917029759930e+02 8.726360147307457282e+01
9.600000000000001421e+00 -8.395540604212519611e+02 1.508642904991366152e+02
9.700000000000001066e+00 -8.106852352942941025e+02 2.111781490551109925e+02
9.800000000000000711e+00 -7.749268759706633318e+02 2.665723475661940256e+02
9.900000000000000355e+00 -7.330530043350560163e+02 3.155176831029646678e+02
1.000000000000000000e+01 -6.860584428357025217e+02 3.566449963270869716e+02
1.010000000000000142e+01 -6.351352032782223205e+02 3.887977524805927487e+02
1.020000000000000107e+01 -5.816395897750087443e+02 4.110784843296627855e+02
1.030000000000000071e+01 -5.270508517266880517e+02 4.228869586555481419e+02
1.040000000000000036e+01 -4.729226838145411875e+02 4.239481958753897288e+02
1.050000000000000000e+01 -4.208292943473976493e+02 4.143288365353946574e+02
1.060000000000000142e+01 -3.723081258890675826e+02 3.944407955950633777e+02
1.070000000000000107e+01 -3.288015899253741168e+02 3.650316579066604845e+02
1.080000000000000071e+01 -2.916003509387156214e+02 3.271618245330770947e+02
1.090000000000000036e+01 -2.617907499344292432e+02 2.821689950610680171e+02
1.100000000000000000e+01 -2.402088843181172138e+02 2.316211395589969868e+02
1.110000000000000142e+01 -2.274036577473379737e+02 1.772596484176472984e+02
1.120000000000000107e+01 -2.236107848584037185e+02 1.209348228382331598e+02
1.130000000000000071e+01 -2.287392933049664236e+02 6.453625906268756296e+01
1.140000000000000036e+01 -2.423715276955035165e+02 9.920964727862283894e+00
1.150000000000000000e+01 -2.637770510252019562e+02 -4.115779047515556499e+01
1.160000000000000142e+01 -2.919401880704772907e+02 -8.711785643814079094e+01
1.170000000000000107e+01 -3.256002942884233562e+02 -1.266088895818130879e+02
1.180000000000000071e+01 -3.633031970384729448e+02 -1.585636607388213690e+02
1.190000000000000036e+01 -4.034616772664265341e+02 -1.822376704156088749e+02
1.200000000000000000e+01 -4.444223709938214597e+02 -1.972352425149639146e+02
1.210000000000000142e+01 -4.845360990496586169e+02 -2.035208458609261584e+02
1.220000000000000107e+01 -5.222284030142518532e+02 -2.014150395500283537e+02
1.230000000000000071e+01 -5.560669910152985267e+02 -1.915751241768430475e+02
1.240000000000000036e+01 -5.848228866351450961e+02 -1.749612747148524363e+02
1.250000000000000000e+01 -6.075223270505729261e+02 -1.527895995809478507e+02
1.260000000000000142e+01 -6.234868632403050697e+02 -1.264741819954851820e+02
1.270000000000000107e+01 -6.323596578884745441e+02 -9.756068409855789980e+01
1.280000000000000071e+01 -6.341166301079512095e+02 -6.765450495415048238e+01
1.290000000000000036e+01 -6.290618285381960959e+02 -3.834675912729059633e+01
1.300000000000000000e+01 -6.178071891695132081e+02 -1.114146767409393135e+01
1.310000000000000142e+01 -6.012376119246987400e+02 1.261268010874986700e+01
1.320000000000000107e+01 -5.804630302697653406e+02 3.178282864696738841e+01
1.330000000000000071e+01 -5.567598119339944560e+02 4.550190131093528123e+01
1.340000000000000036e+01 -5.315043806536497186e+02 5.320565116979840781e+01
1.350000000000000000e+01 -5.061023585914786054e+02 5.465507837603652064e+01
1.360000000000000142e+01 -4.819167737243449778e+02 4.994316265604210514e+01
1.370000000000000107e+01 -4.601989414875878310e+02 3.948560303014711081e+01
1.380000000000000071e+01 -4.420255101137285010e+02 2.399602131711544928e+01
1.390000000000000036e+01 -4.282448589336084410e+02 4.446834211926750768e+00
1.400000000000000000e+01 -4.194355725410182458e+02 -1.798230589922455636e+01
1.410000000000000142e+01 -4.158791042075862379e+02 -4.196599321764142587e+01
1.420000000000000107e+01 -4.175480200942878923e+02 -6.610147571300996105e+01
1.430000000000000071e+01 -4.241104186407179100e+02 -8.898064210918390415e+01
1.440000000000000036e+01 -4.349502882639703785e+02 -1.092620581172863865e+02
1.450000000000000000e+01 -4.492027444606066524e+02 -1.257395078636425154e+02
1.460000000000000142e+01 -4.658023176162445225e+02 -1.374036570195372917e+02
1.470000000000000107e+01 -4.835417857601677838e+02 -1.434937822061798727e+02
1.480000000000000071e+01 -5.011384978819794469e+02 -1.435369918671250105e+02
1.490000000000000036e+01 -5.173047422993018927e+02 -1.373729742678785044e+02
1.500000000000000000e+01 -5.308185017201474238e+02 -1.251630192039870906e+02
1.510000000000000142e+01 -5.405909134842797812e+02 -1.073828366999857877e+02
1.520000000000000107e+01 -5.457269213861620756e+02 -8.479950020256761434e+01
1.530000000000000071e+01 -5.455759557750883459e+02 -5.843363356352047333e+01
1.540000000000000036e+01 -5.397699929621636556e+02 -2.950870083596513638e+01
1.550000000000000000e+01 -5.282469963599463654e+02 6.100917444913829257e-01
1.560000000000000142e+01 -5.112584960656907924e+02 3.048424434087703361e+01
1.570000000000000107e+01 -4.893608812443882243e+02 5.867434713912951594e+01
1.580000000000000071e+01 -4.633908179104740270e+02 8.381277463039282338e+01
1.590000000000000036e+01 -4.344260198410998441e+02 1.046730380641465814e+02
1.600000000000000000e+01 -4.037333500608642680e+02 1.202322985511940345e+02
1.610000000000000142e+01 -3.727068759330836656e+02 1.297238743961432874e+02
1.619999999999999929e+01 -3.427990093615736669e+02 1.326770675949199756e+02
1.630000000000000071e+01 -3.154482093249555419e+02 1.289422619731957411e+02
1.640000000000000213e+01 -2.920068900065638786e+02 1.186999780829660267e+02
1.650000000000000000e+01 -2.736731567510859691e+02 1.024533711670198812e+02
1.660000000000000142e+01 -2.614297864198997559e+02 8.100448806521949052e+01
1.669999999999999929e+01 -2.559934904983849151e+02 5.541541509668720522e+01
1.680000000000000071e+01 -2.577769694862196843e+02 2.695621046246725072e+01
1.690000000000000213e+01 -2.668656143171988901e+02 -2.957817032159936854e+00
1.700000000000000000e+01 -2.830099695340991843e+02 -3.283638012179747534e+01
1.710000000000000142e+01 -3.056342825899554327e+02 -6.118854711149428027e+01
1.719999999999999929e+01 -3.338606649349433724e+02 -8.659743729923540911e+01
1.730000000000000071e+01 -3.665476243379670791e+02 -1.077915513971859554e+02
1.740000000000000213e+01 -4.023410327797451487e+02 -1.237091718209506155e+02
1.750000000000000000e+01 -4.397350045773654870e+02 -1.335526081714580471e+02
1.760000000000000142e+01 -4.771397035028382447e+02 -1.368295657953175350e+02
1.769999999999999929e+01 -5.129527965063147121e+02 -1.333795546391112623e+02
1.780000000000000071e+01 -5.456311378692206517e+02 -1.233839994169219096e+02
1.790000000000000213e+01 -5.737593049652481341e+02 -1.073595227928944240e+02
1.800000000000000000e+01 -5.961118101983842053e+02 -8.613470987472604179e+01
1.810000000000000142e+01 -6.117061695944900066e+02 -6.081148258407775842e+01
1.819999999999999929e+01 -6.198444958908593208e+02 -3.271297508063199189e+01
1.830000000000000071e+01 -6.201418754756899716e+02 -3.320468050952397387e+00
1.840000000000000213e+01 -6.125404521631039643e+02 2.579752300685041888e+01
1.850000000000000000e+01 -5.973088416271574488e+02 5.306052902902238344e+01
1.860000000000000142e+01 -5.750272024229120689e+02 7.695209496226310364e+01
1.869999999999999929e+01 -5.465589578404392341e+02 9.609272804604395901e+01
1.880000000000000071e+01 -5.130107649994500889e+02 1.093062833317052451e+02
1.890000000000000213e+01 -4.756828355218977435e+02 1.156765805930077136e+02
1.900000000000000000e+01 -4.360121033694271659e+02 1.145915419006680764e+02
1.910000000000000142e+01 -3.955109941793547250e+02 1.057727658740115260e+02
1.920000000000000284e+01 -3.557046680955569968e+02 8.928918059826546028e+01
1.930000000000000071e+01 -3.180695835413976624e+02 6.555420520794757522e+01
1.940000000000000213e+01 -2.839760687583494132e+02 3.530666012329814407e+01
1.950000000000000000e+01 -2.546373040706628217e+02 -4.235429571866822229e-01
1.960000000000000142e+01 -2.310667293627531365e+02 -4.036316748118332498e+01
1.970000000000000284e+01 -2.140454214179292194e+02 -8.305447290389639647e+01
1.980000000000000071e+01 -2.041004610475100947e+02 -1.269221754307158818e+02
1.990000000000000213e+01 -2.014947585583190062e+02 -1.703452713791006374e+02
2.000000000000000000e+01 -2.062282564861077105e+02 -2.117302494588302295e+02
2.010000000000000142e+01 -2.180499078017554382e+02 -2.495821958489147221e+02
2.020000000000000284e+01 -2.364793604742649222e+02 -2.825704463510939490e+02
2.030000000000000071e+01 -2.608368860447228599e+02 -3.095857531574007453e+02
2.040000000000000213e+01 -2.902797867092734236e+02 -3.297863917714288391e+02
2.050000000000000000e+01 -3.238433129707725584e+02 -3.426312111605063251e+02
2.060000000000000142e+01 -3.604840271943835432e+02 -3.478982963825074535e+02
2.070000000000000284e+01 -3.991235567422240251e+02 -3.456886328035692486e+02
2.080000000000000071e+01 -4.386907877740696904e+02 -3.364148975276632427e+02
2.090000000000000213e+01 -4.781607465217418280e+02 -3.207762195213919085e+02
2.100000000000000000e+01 -5.165886841399056948e+02 -2.997204095929436676e+02
2.110000000000000142e+01 -5.531382063717179562e+02 -2.743957328669530398e+02
2.120000000000000284e+01 -5.871026505944681730e+02 -2.460947528122247832e+02
2.130000000000000071e+01 -6.179192898949294204e+02 -2.161930967795944127e+02
2.140000000000000213e+01 -6.451763165650820611e+02 -1.860861653072131503e+02
2.150000000000000000e+01 -6.686129070774974252e+02 -1.571268259584504676e+02
2.160000000000000142e+01 -6.881129807524449689e+02 -1.305669999794793910e+02
2.170000000000000284e+01 -7.036935215491945428e+02 -1.075057770867092017e+02
2.180000000000000071e+01 -7.154885268532635791e+02 -8.884629766899922743e+01
2.190000000000000213e+01 -7.237297728275950703e+02 -7.526314596264988666e+01
2.200000000000000000e+01 -7.287256408686137092e+02 -6.718143021206051912e+01
2.210000000000000142e+01 -7.308392358347167601e+02 -6.476811732042092729e+01
2.220000000000000284e+01 -7.304669494050759795e+02 -6.793557215902833946e+01
2.230000000000000071e+01 -7.280184896294111923e+02 -7.635665724126197063e+01
2.240000000000000213e+01 -7.238992213023783506e+02 -8.949020648987551851e+01
2.250000000000000000e+01 -7.184954537840364992e+02 -1.066152233559988787e+02
2.260000000000000142e+01 -7.121630867510770031e+02 -1.268717897448706395e+02
2.270000000000000284e+01 -7.052197937031512538e+02 -1.493064233846140496e+02
2.280000000000000071e+01 -6.979407008684942184e+02 -1.729194962738514505e+02
2.290000000000000213e+01 -6.905573171965993424e+02 -1.967123277335755347e+02
2.300000000000000000e+01 -6.832592993185279511e+02 -2.197316877712912913e+02
2.310000000000000142e+01 -6.761985013778169105e+02 -2.411096791233975694e+02
2.320000000000000284e+01 -6.694946686369988811e+02 -2.600972932069303170e+02
2.330000000000000071e+01 -6.632420882343652693e+02 -2.760903356079304558e+02
2.340000000000000213e+01 -6.575165102424474526e+02 -2.886468668253281749e+02
2.350000000000000000e+01 -6.523816946108153161e+02 -2.974957781643967678e+02
2.360000000000000142e+01 -6.478950197911705118e+02 -3.025365949809833523e+02
2.370000000000000284e+01 -6.441117001338052432e+02 -3.038310450356647721e+02
2.380000000000000071e+01 -6.410872934166557116e+02 -3.015873260230907817e+02
2.390000000000000213e+01 -6.388783281416150430e+02 -2.961383344069701593e+02
2.400000000000000000e+01 -6.375410331623204456e+02 -2.879153629471691147e+02
