0.000000000000000000e+00 -2.746332484808394980e+01 9.008536410928225990e+00
1.000000000000000056e-01 2.046891170896499190e+01 9.667748501570056163e+00
2.000000000000000111e-01 6.567436976458128584e+01 1.181837660324691619e+01
3.000000000000000444e-01 1.059773457232373914e+02 1.521137416161133515e+01
4.000000000000000222e-01 1.391833611908095634e+02 1.990736436091508921e+01
5.000000000000000000e-01 1.631916414552101742e+02 2.629317075372835433e+01
6.000000000000000888e-01 1.761223799516439215e+02 3.506096997543711069e+01
7.000000000000000666e-01 1.764504423966871229e+02 4.715161713293591816e+01
8.000000000000000444e-01 1.631350610520293571e+02 6.366672062997545112e+01
9.000000000000000222e-01 1.357338397285928977e+02 8.575662709075365342e+01
1.000000000000000000e+00 9.448925549168127702e+01 1.144934643465558395e+02
1.100000000000000089e+00 4.037691947588707109e+01 1.507396801235035184e+02
1.200000000000000178e+00 -2.489286111189090178e+01 1.950230545722608611e+02
1.300000000000000044e+00 -9.892533170613475590e+01 2.474289472227173121e+02
1.400000000000000133e+00 -1.787443070323719212e+02 3.075195895182478125e+02
1.500000000000000000e+00 -2.609443069903448986e+02 3.742886077538173026e+02
1.600000000000000089e+00 -3.418835310407090446e+02 4.461567380247277015e+02
1.700000000000000178e+00 -4.179051849598171771e+02 5.210119789596998316e+02
1.800000000000000044e+00 -4.855713310136090968e+02 5.962943496377075689e+02
1.900000000000000133e+00 -5.418913272468012110e+02 6.691221374727380180e+02
2.000000000000000000e+00 -5.845263274631784043e+02 7.364532218035373035e+02
2.100000000000000089e+00 -6.119523716686786656e+02 7.952719587475294247e+02
2.200000000000000178e+00 -6.235672957688829001e+02 8.427894472044944223e+02
2.300000000000000266e+00 -6.197308592574976274e+02 8.766430073122015756e+02
2.400000000000000355e+00 -6.017328114933206962e+02 8.950796211011023615e+02
2.500000000000000000e+00 -5.716896469429780154e+02 8.971081033176093342e+02
2.600000000000000089e+00 -5.323770057247320437e+02 8.826060169699846938e+02
2.700000000000000178e+00 -4.870104857982029216e+02 8.523698615982501678e+02
2.800000000000000266e+00 -4.389924880701732945e+02 8.081007701785064228e+02
2.900000000000000355e+00 -3.916461239238509506e+02 7.523226579386731601e+02
3.000000000000000000e+00 -3.479588026526225804e+02 6.882351563592789034e+02
3.100000000000000089e+00 -3.103576698065110691e+02 6.195093149675448103e+02
3.200000000000000178e+00 -2.805365594958929591e+02 5.500394627576357607e+02
3.300000000000000266e+00 -2.593497250553207323e+02 4.836692581987960011e+02
3.400000000000000355e+00 -2.467816835718940922e+02 4.239133105837678386e+02
3.500000000000000000e+00 -2.419955732636389882e+02 3.736973929812555753e+02
3.600000000000000089e+00 -2.434551185810221341e+02 3.351398889108629646e+02
3.700000000000000178e+00 -2.491083249349794073e+02 3.093946012072107692e+02
3.800000000000000266e+00 -2.566150732191856605e+02 2.965704921737946052e+02
3.900000000000000355e+00 -2.635964656055142541e+02 2.957376275472940961e+02
4.000000000000000000e+00 -2.678815570782639952e+02 3.050210751705622556e+02
4.100000000000000533e+00 -2.677272640447337722e+02 3.217764389618849918e+02
4.200000000000000178e+00 -2.619898124825907644e+02 3.428328690022150340e+02
4.299999999999999822e+00 -2.502308689871772742e+02 3.647825838289948592e+02
4.400000000000000355e+00 -2.327480514146127177e+02 3.842909150195865209e+02
4.500000000000000000e+00 -2.105272082552986888e+02 3.983982347657230321e+02
4.600000000000000533e+00 -1.851219172850399843e+02 4.047852325030853535e+02
4.700000000000000178e+00 -1.584732536707610109e+02 4.019759714615108237e+02
4.800000000000000711e+00 -1.326892099925121045e+02 3.894587856310560596e+02
4.900000000000000355e+00 -1.098075218349607525e+02 3.677128846460628893e+02
5.000000000000000000e+00 -9.156755879826593514e+01 3.381377779764245020e+02
5.100000000000000533e+00 -7.921612844846008272e+01 3.028923872652579803e+02
5.200000000000000178e+00 -7.336854229519926207e+01 2.646599745516520557e+02
5.300000000000000711e+00 -7.394043236755463511e+01 2.263627816309750358e+02
5.400000000000000355e+00 -8.015817375968275371e+01 1.908556886712250389e+02
5.500000000000000000e+00 -9.064716096823509872e+01 1.606306246511892084e+02
5.600000000000000533e+00 -1.035885295743363059e+02 1.375625715924472843e+02
5.700000000000000178e+00 -1.169271641337077483e+02 1.227238251078407956e+02
5.800000000000000711e+00 -1.286078657978236208e+02 1.162860917876962361e+02
5.900000000000000355e+00 -1.368130703096708487e+02 1.175207326824455265e+02
6.000000000000000000e+00 -1.401749495333565676e+02 1.248969708738675024e+02
6.100000000000000533e+00 -1.379372215087674078e+02 1.362672932162896302e+02
6.200000000000000178e+00 -1.300473193472011531e+02 1.491197473634212258e+02
6.300000000000000711e+00 -1.171671876621524291e+02 1.608694245777460594e+02
6.400000000000000355e+00 -1.006000741229358795e+02 1.691569693628988489e+02
6.500000000000000000e+00 -8.214026357671377809e+01 1.721209965030595299e+02
6.600000000000000533e+00 -6.386168533953038207e+01 1.686139728619483265e+02
6.700000000000000178e+00 -4.786867581115495796e+01 1.583371811013090280e+02
6.800000000000000711e+00 -3.603702566981931454e+01 1.418791911565415944e+02
6.900000000000000355e+00 -2.977517657140245433e+01 1.206528745699354488e+02
7.000000000000000000e+00 -2.983379132286894375e+01 9.673724667496243512e+01
7.100000000000000533e+00 -3.618701896061929801e+01 7.264106835599838519e+01
7.200000000000000178e+00 -4.800110281469599016e+01 5.101399396326571178e+01
7.300000000000000711e+00 -6.369635398061603837e+01 3.433711553917368775e+01
7.400000000000000355e+00 -8.109799386375674146e+01 2.462732984203203301e+01
7.500000000000000000e+00 -9.766114070321650331e+01 2.318873196550784144e+01
7.600000000000000533e+00 -1.107464494955431888e+02 3.043932793656630409e+01
7.700000000000000178e+00 -1.179166406026527909e+02 4.583328118580865862e+01
7.800000000000000711e+00 -1.172211311629433368e+02 6.788854278736251047e+01
7.900000000000000355e+00 -1.074366176877579306e+02 9.431820031452107855e+01
8.000000000000000000e+00 -8.823573846836693235e+01 1.222524847086612425e+02
8.099999999999999645e+00 -6.026344342887583849e+01 1.485283585812138369e+02
8.200000000000001066e+00 -2.511061442390742116e+01 1.700160818072800737e+02
8.300000000000000711e+00 1.481428007969308425e+01 1.839479449498533654e+02
8.400000000000000355e+00 5.650340294143718012e+01 1.882139435599020771e+02
8.500000000000000000e+00 9.663545007255649466e+01 1.815925825850250703e+02
8.599999999999999645e+00 1.318993221766135093e+02 1.638918720104990996e+02
8.700000000000001066e+00 1.593211976966848340e+02 1.359851442170606788e+02
8.800000000000000711e+00 1.765599868078941768e+02 9.973753796524177062e+01
8.900000000000000355e+00 1.821394019755648799e+02 5.783062541604022044e+01
9.000000000000000000e+00 1.755917004486473729e+02 1.350344101748564007e+01
9.099999999999999645e+00 1.574977850120459664e+02 -2.976305933688680838e+01
9.200000000000001066e+00 1.294197122094817303e+02 -6.858525733482096598e+01
9.300000000000000711e+00 9.373346950525586863e+01 -1.000047239351308264e+02
9.400000000000000355e+00 5.338080575367050074e+01 -1.217710225968703952e+02
9.500000000000000000e+00 1.156769264522584884e+01 -1.325508634370529535e+02
9.600000000000001421e+00 -2.855733933721185736e+01 -1.320430185987487732e+02
9.700000000000001066e+00 -6.420984768309824631e+01 -1.209884913054086013e+02
9.800000000000000711e+00 -9.322803776096461092e+01 -1.010764757930993056e+02
9.900000000000000355e+00 -1.142559600076949096e+02 -7.475745898654916743e+01
1.000000000000000000e+01 -1.268329023651129859e+02 -4.498425086157030961e+01
1.010000000000000142e+01 -1.313813802535063360e+02 -1.490881316463792672e+01
1.020000000000000107e+01 -1.290977226800873723e+02 1.243321721910885991e+01
1.030000000000000071e+01 -1.217602610120957820e+02 3.441780347916207461e+01
1.040000000000000036e+01 -1.114792808384805767e+02 4.907786848855085537e+01
1.050000000000000000e+01 -1.004191537895752191e+02 5.527484531897848541e+01
1.060000000000000142e+01 -9.052572516652915624e+01 5.278068754108597460e+01
1.070000000000000107e+01 -8.329081860427795903e+01 4.226419705008379424e+01
1.080000000000000071e+01 -7.958080883242334380e+01 2.518550351168106616e+01
1.090000000000000036e+01 -7.954821698509098837e+01 3.611845327679784390e+00
1.100000000000000000e+01 -8.263516600430325809e+01 -2.002448813803277261e+01
1.110000000000000142e+01 -8.766650403377042267e+01 -4.319983577142807007e+01
1.120000000000000107e+01 -9.301976663893084663e+01 -6.357571866376859049e+01
1.130000000000000071e+01 -9.685015290320369274e+01 -7.924998684664292625e+01
1.140000000000000036e+01 -9.734238112214330840e+01 -8.895758691743398572e+01
1.150000000000000000e+01 -9.295838667410171752e+01 -9.220169936578197678e+01
1.160000000000000142e+01 -8.265063926080266299e+01 -8.930346271229210231e+01
1.170000000000000107e+01 -6.601525863857558818e+01 -8.136690493973404159e+01
1.180000000000000071e+01 -4.336654344046159792e+01 -7.016416947161866347e+01
1.190000000000000036e+01 -1.572408836750819816e+01 -5.795381401295929180e+01
1.200000000000000000e+01 1.528580178337522355e+01 -4.725115249540106532e+01
1.210000000000000142e+01 4.760244568352024430e+01 -4.057376184789207230e+01
1.220000000000000107e+01 7.895616458160488094e+01 -4.018707088905417635e+01
1.230000000000000071e+01 1.071197859477793202e+02 -4.787431681315577947e+01
1.240000000000000036e+01 1.301563781651665010e+02 -6.475226038803161543e+01
1.250000000000000000e+01 1.466339250521992597e+02 -9.114926476212296791e+01
1.260000000000000142e+01 1.557817277620491723e+02 -1.265561925276474398e+02
1.270000000000000107e+01 1.575703671299988855e+02 -1.696536861820524393e+02
1.280000000000000071e+01 1.527062143260237690e+02 -2.184124252603139951e+02
1.290000000000000036e+01 1.425416408403807509e+02 -2.702565256190057994e+02
1.300000000000000000e+01 1.289120384836117239e+02 -3.222749042271546500e+02
1.310000000000000142e+01 1.139193376790127701e+02 -3.714615912517178913e+02
1.320000000000000107e+01 9.968790188640967642e+01 -4.149638917661557116e+02
1.330000000000000071e+01 8.812176168341190419e+01 -4.503170795807008631e+02
1.340000000000000036e+01 8.069179038996610132e+01 -4.756458833605000791e+02
1.350000000000000000e+01 7.827768059132482392e+01 -4.898161957720333817e+02
1.360000000000000142e+01 8.108292258849205325e+01 -4.925248797245367882e+02
1.370000000000000107e+01 8.863221725912278259e+01 -4.843208592302346460e+02
1.380000000000000071e+01 9.985092530969895108e+01 -4.665564167600923611e+02
1.390000000000000036e+01 1.132164279166273104e+02 -4.412733139673001119e+02
1.400000000000000000e+01 1.269627948820760110e+02 -4.110335699728349255e+02
1.410000000000000142e+01 1.393139150560353698e+02 -3.787090833423218896e+02
1.420000000000000107e+01 1.487169592892198295e+02 -3.472474567093872224e+02
1.430000000000000071e+01 1.540480859971168002e+02 -3.194331546518706659e+02
1.440000000000000036e+01 1.547656390743723023e+02 -2.976633773059130590e+02
1.450000000000000000e+01 1.509923174571948437e+02 -2.837567551615520642e+02
1.460000000000000142e+01 1.435161710683499052e+02 -2.788102649839025844e+02
1.470000000000000107e+01 1.337098109821223204e+02 -2.831158371964560274e+02
1.480000000000000071e+01 1.233767974152287934e+02 -2.961432678743711335e+02
1.490000000000000036e+01 1.145426766755639107e+02 -3.165906346929253345e+02
1.500000000000000000e+01 1.092145995905204643e+02 -3.424978676058847213e+02
1.510000000000000142e+01 1.091371362831567922e+02 -3.714138856699262305e+02
1.520000000000000107e+01 1.155723997544859003e+02 -4.006032146972543160e+02
1.530000000000000071e+01 1.291298683264105023e+02 -4.272746344173519901e+02
1.540000000000000036e+01 1.496656897007108853e+02 -4.488124771596928895e+02
1.550000000000000000e+01 1.762634196872085397e+02 -4.629909112240316631e+02
1.560000000000000142e+01 2.072990062778633842e+02 -4.681529557672557758e+02
1.570000000000000107e+01 2.405834241110514711e+02 -4.633390074026021921e+02
1.580000000000000071e+01 2.735677624946975470e+02 -4.483540803623556599e+02
1.590000000000000036e+01 3.035887343347759497e+02 -4.237684049174629308e+02
1.600000000000000000e+01 3.281282527115188259e+02 -3.908520171024755427e+02
1.610000000000000142e+01 3.450593702442502604e+02 -3.514499622626813107e+02
1.619999999999999929e+01 3.528526051416599785e+02 -3.078101619239411662e+02
1.630000000000000071e+01 3.507212488237077537e+02 -2.623803299247450695e+02
1.640000000000000213e+01 3.386911086718492356e+02 -2.175931315816596907e+02
1.650000000000000000e+01 3.175884834482088195e+02 -1.756597590645032483e+02
1.660000000000000142e+01 2.889490436633462878e+02 -1.383911218926209017e+02
1.669999999999999929e+01 2.548586990513430237e+02 -1.070629925163109561e+02
1.680000000000000071e+01 2.177445572399043101e+02 -8.233696635612953685e+01
1.690000000000000213e+01 1.801389640678081037e+02 -6.424342942535521672e+01
1.700000000000000000e+01 1.444418754021176596e+02 -5.222644295678668414e+01
1.710000000000000142e+01 1.127062573068255347e+02 -4.524419695809443454e+01
1.719999999999999929e+01 8.646798028700884231e+01 -4.191310537665014380e+01
1.730000000000000071e+01 6.663619505034574786e+01 -4.067930473255893986e+01
1.740000000000000213e+01 5.345312319082814412e+01 -3.999873836764837876e+01
1.750000000000000000e+01 4.652439595453220278e+01 -3.850644176494859039e+01
1.760000000000000142e+01 4.491341728160654156e+01 -3.515715731809913791e+01
1.769999999999999929e+01 4.728656059440746873e+01 -2.932283955625088367e+01
1.780000000000000071e+01 5.209104191642067860e+01 -2.083759177926574324e+01
1.790000000000000213e+01 5.774454057310019550e+01 -9.986555867664169028e+00
1.800000000000000000e+01 6.281529488687993279e+01 2.558402970971450863e+00
1.810000000000000142e+01 6.617343386689431384e+01 1.584741941600779747e+01
1.819999999999999929e+01 6.709839945893912727e+01 2.879203838153036799e+01
1.830000000000000071e+01 6.533292750154905093e+01 4.031825362665166779e+01
1.840000000000000213e+01 6.108049572021294438e+01 4.951474044471473235e+01
1.850000000000000000e+01 5.494965158353335255e+01 5.575859116279411865e+01
1.860000000000000142e+01 4.785446025287017591e+01 5.880363775048397201e+01
1.869999999999999929e+01 4.088482717997702309e+01 5.882093554545978975e+01
1.880000000000000071e+01 3.516319004617596278e+01 5.638666967550683040e+01
1.890000000000000213e+01 3.170480143131523576e+01 5.241897554224394895e+01
1.900000000000000000e+01 3.129753903976031992e+01 4.807121672080442920e+01
1.910000000000000142e+01 3.441411900831076309e+01 4.459443644901480752e+01
1.920000000000000284e+01 4.116518075758693129e+01 4.318539110798010938e+01
1.930000000000000071e+01 5.129652894936396024e+01 4.483835435457806540e+01
1.940000000000000213e+01 6.422849652538744181e+01 5.021853809786849610e+01
1.950000000000000000e+01 7.913055987045305528e+01 5.957254622040273517e+01
1.960000000000000142e+01 9.502053730418963085e+01 7.268703586387869109e+01
1.970000000000000284e+01 1.108753362108606382e+02 8.890119660761352804e+01
1.980000000000000071e+01 1.257394978724330343e+02 1.071724113491103623e+02
1.990000000000000213e+01 1.388187348772845269e+02 1.261882551948053077e+02
2.000000000000000000e+01 1.495480794736065207e+02 1.445125372917634365e+02
2.010000000000000142e+01 1.576278109039899107e+02 1.607490253767453510e+02
2.020000000000000284e+01 1.630245352404345169e+02 1.737042841842249459e+02
2.030000000000000071e+01 1.659391239542523238e+02 1.825309632078793811e+02
2.040000000000000213e+01 1.667471558134527072e+02 1.868349002865530224e+02
2.050000000000000000e+01 1.659205979754740667e+02 1.867333351853345960e+02
2.060000000000000142e+01 1.639413737079284203e+02 1.828569058455197762e+02
2.070000000000000284e+01 1.612180183434506660e+02 1.762943196849616925e+02
2.080000000000000071e+01 1.580158140056810510e+02 1.684849508313314459e+02
2.090000000000000213e+01 1.544087731898806624e+02 1.610703972176861498e+02
2.100000000000000000e+01 1.502589054134967625e+02 1.557205945445777218e+02
2.110000000000000142e+01 1.452247407171863358e+02 1.539529250954785766e+02
2.120000000000000284e+01 1.387975352390318164e+02 1.569635740124087988e+02
2.130000000000000071e+01 1.303603747278020819e+02 1.654890995170425185e+02
2.140000000000000213e+01 1.192628885476885188e+02 1.797129574882729628e+02
2.150000000000000000e+01 1.049027539459743821e+02 1.992269290783611382e+02
2.160000000000000142e+01 8.680474260931947583e+01 2.230515848620840416e+02
2.170000000000000284e+01 6.468873278189808218e+01 2.497137266193829248e+02
2.180000000000000071e+01 3.851974102425332092e+01 2.773728542258904213e+02
2.190000000000000213e+01 8.535368525172717824e+00 3.039837399186886842e+02
2.200000000000000000e+01 -2.475121593823691057e+01 3.274786697704932976e+02
2.210000000000000142e+01 -6.057187492716193589e+01 3.459511774256245644e+02
2.220000000000000284e+01 -9.794434910909527048e+01 3.578232898563949220e+02
2.230000000000000071e+01 -1.357281539098637779e+02 3.619803581225628477e+02
2.240000000000000213e+01 -1.726892445638364961e+02 3.578611885378119837e+02
2.250000000000000000e+01 -2.075669460965145845e+02 3.454959897603049512e+02
2.260000000000000142e+01 -2.391372493608016327e+02 3.254900684296507052e+02
2.270000000000000284e+01 -2.662678636849549321e+02 2.989566533087356106e+02
2.280000000000000071e+01 -2.879621652712158948e+02 2.674071383071179184e+02
2.290000000000000213e+01 -3.033911113266456141e+02 2.326109213648978198e+02
2.300000000000000000e+01 -3.119140133887892148e+02 1.964395212553007184e+02
2.310000000000000142e+01 -3.130905161191537331e+02 1.607105816579570501e+02
2.320000000000000284e+01 -3.066870076962296707e+02 1.270466993099425679e+02
2.330000000000000071e+01 -2.926808796824674346e+02 9.676188570824443502e+01
2.340000000000000213e+01 -2.712655441566761283e+02 7.078517685033672535e+01
2.350000000000000000e+01 -2.428579927326383370e+02 4.962683308496862367e+01
2.360000000000000142e+01 -2.081091247321724325e+02 3.338816698287542550e+01
2.370000000000000284e+01 -1.679153254695807789e+02 2.181175207721777909e+01
2.380000000000000071e+01 -1.234281195334678500e+02 1.436500834475974209e+01
2.390000000000000213e+01 -7.605743452332994536e+01 1.034725978078948216e+01
2.400000000000000000e+01 -2.746332484808454666e+01 9.008536410928225990e+00
