0.000000000000000000e+00 -6.370344893839477436e+02 -4.093200541972524888e+02
1.000000000000000056e-01 -6.185251991379559513e+02 -3.920015895516638693e+02
2.000000000000000111e-01 -6.086858617266325382e+02 -3.648966289399594416e+02
3.000000000000000444e-01 -6.085430839217282255e+02 -3.308064099669441589e+02
4.000000000000000222e-01 -6.181153123640647209e+02 -2.930219102611050062e+02
5.000000000000000000e-01 -6.363856574248591187e+02 -2.549713181687521342e+02
6.000000000000000888e-01 -6.613852763039495812e+02 -2.198570472520886483e+02
7.000000000000000666e-01 -6.903812161326666228e+02 -1.903219621826260948e+02
8.000000000000000444e-01 -7.201508858452077675e+02 -1.681814782027777255e+02
9.000000000000000222e-01 -7.473152773476921311e+02 -1.542510244966796336e+02
1.000000000000000000e+00 -7.686958747606746556e+02 -1.482877906173690974e+02
1.100000000000000089e+00 -7.816567605703706931e+02 -1.490528751974090369e+02
1.200000000000000178e+00 -7.843942275451612431e+02 -1.544863710308276268e+02
1.300000000000000044e+00 -7.761412411781343508e+02 -1.619751018076227069e+02
1.400000000000000133e+00 -7.572628913294981885e+02 -1.686821530366321156e+02
1.500000000000000000e+00 -7.292306064917521553e+02 -1.719002471548728010e+02
1.600000000000000089e+00 -6.944761197672290791e+02 -1.693882421194337553e+02
1.700000000000000178e+00 -6.561395079276512661e+02 -1.596519306797687534e+02
1.800000000000000044e+00 -6.177375698865527056e+02 -1.421366908513525971e+02
1.900000000000000133e+00 -5.827879973382362095e+02 -1.173096718362623960e+02
2.000000000000000000e+00 -5.544301395665464725e+02 -8.662193668261869561e+01
2.100000000000000089e+00 -5.350840189446524846e+02 -5.235485672320489670e+01
2.200000000000000178e+00 -5.261854585540610287e+02 -1.736845708335889782e+01
2.300000000000000266e+00 -5.280271109560158038e+02 1.521921097916070131e+01
2.400000000000000355e+00 -5.397236907428518862e+02 4.238457388851892205e+01
2.500000000000000000e+00 -5.593060739207174947e+02 6.154209269127581905e+01
2.600000000000000089e+00 -5.839346524079400069e+02 7.083906033296119631e+01
2.700000000000000178e+00 -6.102090255980280062e+02 6.936746186161094840e+01
2.800000000000000266e+00 -6.345402794021420050e+02 5.726832925988806977e+01
2.900000000000000355e+00 -6.535449824638797054e+02 3.571648927285738040e+01
3.000000000000000000e+00 -6.644174418714476360e+02 6.787476310522361445e+00
3.100000000000000089e+00 -6.652390194497723996e+02 -2.677795165282422118e+01
3.200000000000000178e+00 -6.551901795304577263e+02 -6.188438830431732640e+01
3.300000000000000266e+00 -6.346416618905832365e+02 -9.543144825819149446e+01
3.400000000000000355e+00 -6.051145532701746106e+02 -1.246620253655581081e+02
3.500000000000000000e+00 -5.691135690317962599e+02 -1.474688276577847148e+02
3.600000000000000089e+00 -5.298519225793429541e+02 -1.626237382720453297e+02
3.700000000000000178e+00 -4.908981770788277572e+02 -1.699035082820940374e+02
3.800000000000000266e+00 -4.557840975486874981e+02 -1.700972905816351215e+02
3.900000000000000355e+00 -4.276167922443995622e+02 -1.648951763490503026e+02
4.000000000000000000e+00 -4.087378839540361923e+02 -1.566706150584938655e+02
4.100000000000000533e+00 -4.004671616319023997e+02 -1.481818040442221047e+02
4.200000000000000178e+00 -4.029587404523399528e+02 -1.422264272950511383e+02
4.299999999999999822e+00 -4.151852740051202204e+02 -1.412894536905759253e+02
4.400000000000000355e+00 -4.350516225139497237e+02 -1.472244847109278396e+02
4.500000000000000000e+00 -4.596251672224576055e+02 -1.610053110059256767e+02
4.600000000000000533e+00 -4.854572502560438352e+02 -1.825763656424933572e+02
4.700000000000000178e+00 -5.089604058485316500e+02 -2.108195880887693079e+02
4.800000000000000711e+00 -5.268001901951638501e+02 -2.436421311219126267e+02
4.900000000000000355e+00 -5.362591188339479231e+02 -2.781758488619041714e+02
5.000000000000000000e+00 -5.355335738749304255e+02 -3.110671214590395834e+02
5.100000000000000533e+00 -5.239321230987923173e+02 -3.388256766428975766e+02
5.200000000000000178e+00 -5.019546118670626811e+02 -3.581947343259789704e+02
5.300000000000000711e+00 -4.712444048909076741e+02 -3.665026826225771401e+02
5.400000000000000355e+00 -4.344198159032793569e+02 -3.619587613986253700e+02
5.500000000000000000e+00 -3.948035722503104807e+02 -3.438615575508727602e+02
5.600000000000000533e+00 -3.560797440835369230e+02 -3.126987324487241722e+02
5.700000000000000178e+00 -3.219148224205554243e+02 -2.701281850309583774e+02
5.800000000000000711e+00 -2.955828434066010004e+02 -2.188434685970667317e+02
5.900000000000000355e+00 -2.796333720068698767e+02 -1.623383318929645043e+02
6.000000000000000000e+00 -2.756359956323932465e+02 -1.045954520203165288e+02
6.100000000000000533e+00 -2.840263924721767808e+02 -4.973171597440704517e+01
6.200000000000000178e+00 -3.040680383669745197e+02 -1.636088617066717710e+00
6.300000000000000711e+00 -3.339314382272017383e+02 3.636410536210818378e+01
6.400000000000000355e+00 -3.708807386053823052e+02 6.177660815238652248e+01
6.500000000000000000e+00 -4.115469610847772515e+02 7.313262443094988896e+01
6.600000000000000533e+00 -4.522589580545270564e+02 7.007489405090811374e+01
6.700000000000000178e+00 -4.893982928865229383e+02 5.334081698215400280e+01
6.800000000000000711e+00 -5.197429677736935218e+02 2.464671543667062537e+01
6.900000000000000355e+00 -5.407672436845612083e+02 -1.351105778478303598e+01
7.000000000000000000e+00 -5.508703144466001049e+02 -5.811487666371788663e+01
7.100000000000000533e+00 -5.495145867387884664e+02 -1.059163373520376581e+02
7.200000000000000178e+00 -5.372638300936361020e+02 -1.537286312212068822e+02
7.300000000000000711e+00 -5.157214363114723028e+02 -1.986923285019859406e+02
7.400000000000000355e+00 -4.873784184449987720e+02 -2.384903128571065452e+02
7.500000000000000000e+00 -4.553886642547937527e+02 -2.714940394238612384e+02
7.600000000000000533e+00 -4.232946357828455461e+02 -2.968311592928631626e+02
7.700000000000000178e+00 -3.947297560781735228e+02 -3.143729748600400740e+02
7.800000000000000711e+00 -3.731240366212377921e+02 -3.246482759430272154e+02
7.900000000000000355e+00 -3.614372651600428981e+02 -3.286970624589056342e+02
8.000000000000000000e+00 -3.619397405401337551e+02 -3.278828619362122936e+02
8.099999999999999645e+00 -3.760547421645219970e+02 -3.236853967220150707e+02
8.200000000000001066e+00 -4.042703901436395881e+02 -3.174960891636274596e+02
8.300000000000000711e+00 -4.461220288934525229e+02 -3.104373968318535617e+02
8.400000000000000355e+00 -5.002404146634232802e+02 -3.032235390637079036e+02
8.500000000000000000e+00 -5.644563210496312422e+02 -2.960752688147417757e+02
8.599999999999999645e+00 -6.359490166243334670e+02 -2.886955208027302433e+02
8.700000000000001066e+00 -7.114245232477442187e+02 -2.803066274458842599e+02
8.800000000000000711e+00 -7.873095368970992922e+02 -2.697439151638063777e+02
8.900000000000000355e+00 -8.599481203685204491e+02 -2.555953788789035741e+02
9.000000000000000000e+00 -9.257903784513905521e+02 -2.363731749313760133e+02
9.099999999999999645e+00 -9.815648684083174658e+02 -2.107001324495134043e+02
9.200000000000001066e+00 -1.024429062140154429e+03 -1.774934818588028804e+02
9.300000000000000711e+00 -1.052094412643980377e+03 -1.361285259305839475e+02
9.400000000000000355e+00 -1.062924252012190209e+03 -8.656690767891156213e+01
9.500000000000000000e+00 -1.056003764924525058e+03 -2.943724268250496934e+01
9.600000000000001421e+00 -1.031181683537102572e+03 3.394010299065955394e+01
9.700000000000001066e+00 -9.890833001151811459e+02 1.015877191198832179e+02
9.800000000000000711e+00 -9.310941391314127031e+02 1.709641506818378502e+02
9.900000000000000355e+00 -8.593134522193898874e+02 2.391092878583789627e+02
1.000000000000000000e+01 -7.764768612660409417e+02 3.028319683753972527e+02
1.010000000000000142e+01 -6.858481748662759401e+02 3.589260676094910991e+02
1.020000000000000107e+01 -5.910817351023005131e+02 4.043987872316664607e+02
1.030000000000000071e+01 -4.960585830692547802e+02 4.366934671846710216e+02
1.040000000000000036e+01 -4.047021024236821063e+02 4.538891687848357606e+02
1.050000000000000000e+01 -3.207813393036175285e+02 4.548605601067517910e+02
1.060000000000000142e+01 -2.477125571558827914e+02 4.393842404062054356e+02
1.070000000000000107e+01 -1.883713910531377849e+02 4.081814330504060990e+02
1.080000000000000071e+01 -1.449288687451044950e+02 3.628917223444938713e+02
1.090000000000000036e+01 -1.187242948835356060e+02 3.059778821038913179e+02
1.100000000000000000e+01 -1.101864044900293322e+02 2.405674389980888463e+02
1.110000000000000142e+01 -1.188112898371306443e+02 1.702419763745777175e+02
1.120000000000000107e+01 -1.432015646644636888e+02 9.878984302958428998e+01
1.130000000000000071e+01 -1.811663791686505931e+02 2.994144074855271498e+01
1.140000000000000036e+01 -2.298766907875533150e+02 -3.289174975951249280e+01
1.150000000000000000e+01 -2.860651579298279330e+02 -8.685304188167579298e+01
1.160000000000000142e+01 -3.462557014692599751e+02 -1.298316400712386667e+02
1.170000000000000107e+01 -4.070046693039663523e+02 -1.605927968179117897e+02
1.180000000000000071e+01 -4.651340312111379944e+02 -1.788359506477588070e+02
1.190000000000000036e+01 -5.179373545566797929e+02 -1.851760058468995851e+02
1.200000000000000000e+01 -5.633415045866810260e+02 -1.810497522642675676e+02
1.210000000000000142e+01 -6.000109117468225577e+02 -1.685562152132802964e+02
1.220000000000000107e+01 -6.273864979263242958e+02 -1.502458033178276366e+02
1.230000000000000071e+01 -6.456574429807668594e+02 -1.288778646940275507e+02
1.240000000000000036e+01 -6.556702891170968996e+02 -1.071691632788836444e+02
1.250000000000000000e+01 -6.587857741775950444e+02 -8.755651703458362078e+01
1.260000000000000142e+01 -6.566986411631295368e+02 -7.199528621870690870e+01
1.270000000000000107e+01 -6.512389798294520915e+02 -6.181168944413936828e+01
1.280000000000000071e+01 -6.441750675851109236e+02 -5.762141657989108978e+01
1.290000000000000036e+01 -6.370370433455093462e+02 -5.932025854758572336e+01
1.300000000000000000e+01 -6.309781407226696501e+02 -6.614518487607433883e+01
1.310000000000000142e+01 -6.266859096045272963e+02 -7.679723795685197274e+01
1.320000000000000107e+01 -6.243503332738913514e+02 -8.961152851349362436e+01
1.330000000000000071e+01 -6.236895980787406870e+02 -1.027551583017257286e+02
1.340000000000000036e+01 -6.240281559154177558e+02 -1.144315357390014327e+02
1.350000000000000000e+01 -6.244162905201573039e+02 -1.230695288227610718e+02
1.360000000000000142e+01 -6.237762315559530180e+02 -1.274781975580241919e+02
1.370000000000000107e+01 -6.210573884830772613e+02 -1.269521857281961843e+02
1.380000000000000071e+01 -6.153827433470039523e+02 -1.213187213482414961e+02
1.390000000000000036e+01 -6.061698780688799388e+02 -1.109238985172452914e+02
1.400000000000000000e+01 -5.932133323486494874e+02 -9.656272099157777689e+01
1.410000000000000142e+01 -5.767196147367268395e+02 -7.936350791223223666e+01
1.420000000000000107e+01 -5.572916943560069285e+02 -6.064201083567764528e+01
1.430000000000000071e+01 -5.358655671310573325e+02 -4.174345184701603273e+01
1.440000000000000036e+01 -5.136068805037581342e+02 -2.389137492967274667e+01
1.450000000000000000e+01 -4.917800264632081735e+02 -8.060675404492485541e+00
1.460000000000000142e+01 -4.716050998891367385e+02 5.111336770081948089e+00
1.470000000000000107e+01 -4.541193574342759689e+02 1.536701713184909401e+01
1.480000000000000071e+01 -4.400591870183438914e+02 2.282071508172889196e+01
1.490000000000000036e+01 -4.297762005550165441e+02 2.790455311393059645e+01
1.500000000000000000e+01 -4.231971763435514617e+02 3.127639734067670929e+01
1.510000000000000142e+01 -4.198326447668976584e+02 3.370308875777444513e+01
1.520000000000000107e+01 -4.188334816167392205e+02 3.593463458354791840e+01
1.530000000000000071e+01 -4.190895440082768459e+02 3.858571427921325636e+01
1.540000000000000036e+01 -4.193597319705546056e+02 4.203950429373124820e+01
1.550000000000000000e+01 -4.184193808583382861e+02 4.638568126058702745e+01
1.560000000000000142e+01 -4.152089490496695703e+02 5.139995000553261661e+01
1.570000000000000107e+01 -4.089677555033268277e+02 5.656714136797366166e+01
1.580000000000000071e+01 -3.993380487669090826e+02 6.114449853619797182e+01
1.590000000000000036e+01 -3.864277744572693791e+02 6.425688137600302241e+01
1.600000000000000000e+01 -3.708247114115703198e+02 6.501184599328635727e+01
1.610000000000000142e+01 -3.535597039142480753e+02 6.262033012249258235e+01
1.619999999999999929e+01 -3.360219930872951863e+02 5.650822237508845092e+01
1.630000000000000071e+01 -3.198345948120580147e+02 4.640542051806036739e+01
1.640000000000000213e+01 -3.067017778135305548e+02 3.240187900195859783e+01
1.650000000000000000e+01 -2.982435520284462314e+02 1.496421223273458700e+01
1.660000000000000142e+01 -2.958334076235919952e+02 -5.088869332183523220e+00
1.669999999999999929e+01 -3.004552332300860371e+02 -2.664924600107242014e+01
1.680000000000000071e+01 -3.125934412041383439e+02 -4.841290408070901918e+01
1.690000000000000213e+01 -3.321670507571944881e+02 -6.899374026652638747e+01
1.700000000000000000e+01 -3.585141738245721399e+02 -8.704522237137588547e+01
1.710000000000000142e+01 -3.904284571764293332e+02 -1.013770964239388235e+02
1.719999999999999929e+01 -4.262440508735853655e+02 -1.110554407268383983e+02
1.730000000000000071e+01 -4.639610904998004912e+02 -1.154767550146965789e+02
1.740000000000000213e+01 -5.013999419610337327e+02 -1.144100794919205271e+02
1.750000000000000000e+01 -5.363699142079677813e+02 -1.080049116498576751e+02
1.760000000000000142e+01 -5.668370235984704095e+02 -9.676644369236213095e+01
1.769999999999999929e+01 -5.910757763288230535e+02 -8.150292760807464276e+01
1.780000000000000071e+01 -6.077917560075044321e+02 -6.325242520594748896e+01
1.790000000000000213e+01 -6.162048562281117938e+02 -4.319758564004744272e+01
1.800000000000000000e+01 -6.160869605746582920e+02 -2.257733710449989672e+01
1.810000000000000142e+01 -6.077523395148627969e+02 -2.603562610432980762e+00
1.819999999999999929e+01 -5.920035576068300998e+02 1.561083219047926107e+01
1.830000000000000071e+01 -5.700398198853687290e+02 3.110824532399310982e+01
1.840000000000000213e+01 -5.433380330589499181e+02 4.312525160313815320e+01
1.850000000000000000e+01 -5.135190988378263910e+02 5.111436186613225630e+01
1.860000000000000142e+01 -4.822128906932878181e+02 5.475072153127386798e+01
1.869999999999999929e+01 -4.509349216384235319e+02 5.392684907483798185e+01
1.880000000000000071e+01 -4.209859579564167120e+02 4.873882589716507852e+01
1.890000000000000213e+01 -3.933829722940649845e+02 3.946698117056481436e+01
1.900000000000000000e+01 -3.688261705797580703e+02 2.655323906800516198e+01
1.910000000000000142e+01 -3.477027624368525949e+02 1.057616164583054186e+01
1.920000000000000284e+01 -3.301241067857733924e+02 -7.776385725574879615e+00
1.930000000000000071e+01 -3.159892830850914152e+02 -2.773782706864886194e+01
1.940000000000000213e+01 -3.050653972242814120e+02 -4.849790712326269926e+01
1.950000000000000000e+01 -2.970733254275722857e+02 -6.924302449782788926e+01
1.960000000000000142e+01 -2.917673062833668496e+02 -8.920180780881545957e+01
1.970000000000000284e+01 -2.889978466343088712e+02 -1.076944854362654951e+02
1.980000000000000071e+01 -2.887497009828804835e+02 -1.241829829276561412e+02
1.990000000000000213e+01 -2.911499670331542688e+02 -1.383171520249034074e+02
2.000000000000000000e+01 -2.964452473575260569e+02 -1.499714254007808165e+02
2.010000000000000142e+01 -3.049509153914032709e+02 -1.592658008720052010e+02
2.020000000000000284e+01 -3.169793169598103759e+02 -1.665656000826702439e+02
2.030000000000000071e+01 -3.327567796231160742e+02 -1.724560010523061351e+02
2.040000000000000213e+01 -3.523412059157569729e+02 -1.776898372042730045e+02
2.050000000000000000e+01 -3.755525253980762841e+02 -1.831103536522825266e+02
2.060000000000000142e+01 -4.019272598681887416e+02 -1.895541415714534992e+02
2.070000000000000284e+01 -4.307059746738889885e+02 -1.977428638913692680e+02
2.080000000000000071e+01 -4.608586797410022768e+02 -2.081751345562366282e+02
2.090000000000000213e+01 -4.911486953683032652e+02 -2.210315473852365642e+02
2.100000000000000000e+01 -5.202306170174983890e+02 -2.361060020614423820e+02
2.110000000000000142e+01 -5.467733724298993820e+02 -2.527749431057955860e+02
2.120000000000000284e+01 -5.695955372098477483e+02 -2.700129211173093040e+02
2.130000000000000071e+01 -5.877975696035815645e+02 -2.864582387892550059e+02
2.140000000000000213e+01 -6.008748205408339800e+02 -3.005268060646540107e+02
2.150000000000000000e+01 -6.087962691213296011e+02 -3.105663200514019877e+02
2.160000000000000142e+01 -6.120369101996591326e+02 -3.150372305461466453e+02
2.170000000000000284e+01 -6.115563385538803232e+02 -3.127023928975354465e+02
2.180000000000000071e+01 -6.087218835648826598e+02 -3.028045104380399835e+02
2.190000000000000213e+01 -6.051810323021842350e+02 -2.852099240720206694e+02
2.200000000000000000e+01 -6.026941165952208621e+02 -2.604992682596517284e+02
2.210000000000000142e+01 -6.029435860280875659e+02 -2.299899396669777616e+02
2.220000000000000284e+01 -6.073399614110127231e+02 -1.956818696301081104e+02
2.230000000000000071e+01 -6.168462266080493919e+02 -1.601261238381702015e+02
2.240000000000000213e+01 -6.318416534275555705e+02 -1.262245194943946274e+02
2.250000000000000000e+01 -6.520428151638145664e+02 -9.697676836471087825e+01
2.260000000000000142e+01 -6.764940679225605891e+02 -7.519862271067859183e+01
2.270000000000000284e+01 -7.036325788952540279e+02 -6.323922273346842360e+01
2.280000000000000071e+01 -7.314248001306095830e+02 -6.272763925633652349e+01
2.290000000000000213e+01 -7.575630212599401148e+02 -7.437710539671576271e+01
2.300000000000000000e+01 -7.797032368107421689e+02 -9.787063797755303085e+01
2.310000000000000142e+01 -7.957199313438529771e+02 -1.318440532260997031e+02
2.320000000000000284e+01 -8.039502551172701033e+02 -1.739725304083164872e+02
2.330000000000000071e+01 -8.033999149388585010e+02 -2.211559049672228809e+02
2.340000000000000213e+01 -7.938860959014508580e+02 -2.697869870540645252e+02
2.350000000000000000e+01 -7.760986593178683961e+02 -3.160776475571648234e+02
2.360000000000000142e+01 -7.515691805422585503e+02 -3.564103295352800274e+02
2.370000000000000284e+01 -7.225472475154870153e+02 -3.876789202481853067e+02
2.380000000000000071e+01 -6.917937734424280052e+02 -4.075830905232325563e+02
2.390000000000000213e+01 -6.623107236338839812e+02 -4.148443734266343199e+02
2.400000000000000000e+01 -6.370344893839474025e+02 -4.093200541972523752e+02
