0.000000000000000000e+00 -1.299258675423754710e+02 2.637127398365694120e+01
1.000000000000000056e-01 -1.231166876530962497e+02 2.560162528665682657e+01
2.000000000000000111e-01 -1.164716750095474680e+02 2.394979234082981989e+01
3.000000000000000444e-01 -1.102234525325106631e+02 2.155354282689408052e+01
4.000000000000000222e-01 -1.045618295869140866e+02 1.867573200210569340e+01
5.000000000000000000e-01 -9.960780358278006474e+01 1.567102547484399899e+01
6.000000000000000888e-01 -9.540002024107799627e+01 1.294105659738306358e+01
7.000000000000000666e-01 -9.189630928706597501e+01 1.088395574044783132e+01
8.000000000000000444e-01 -8.899018364984746654e+01 9.844935884332279841e+00
9.000000000000000222e-01 -8.653946650846960154e+01 1.007444563215988609e+01
1.000000000000000000e+00 -8.440194917870169888e+01 1.169933125081534619e+01
1.100000000000000089e+00 -8.247156785586311400e+01 1.471063321290087700e+01
1.200000000000000178e+00 -8.070826774653954772e+01 1.896933351202967444e+01
1.300000000000000044e+00 -7.915557297444971141e+01 2.422888976354538570e+01
1.400000000000000133e+00 -7.794178514101550093e+01 3.017108629748873128e+01
1.500000000000000000e+00 -7.726340542258992627e+01 3.644992208718882409e+01
1.600000000000000089e+00 -7.735239808283546381e+01 4.273719241492155874e+01
1.700000000000000178e+00 -7.843180497951280472e+01 4.876325379613805211e+01
1.800000000000000044e+00 -8.066650749322926117e+01 5.434721370829662845e+01
1.900000000000000133e+00 -8.411722360406392340e+01 5.941235428642322347e+01
2.000000000000000000e+00 -8.870587817903920325e+01 6.398476501388404358e+01
2.100000000000000089e+00 -9.419923489884288870e+01 6.817562230840800908e+01
2.200000000000000178e+00 -1.002152693762464253e+02 7.214996968881868611e+01
2.300000000000000266e+00 -1.062535185995619713e+02 7.608688088458637822e+01
2.400000000000000355e+00 -1.117470238148378030e+02 8.013724031115199864e+01
2.500000000000000000e+00 -1.161300262071223983e+02 8.438585153904502079e+01
2.600000000000000089e+00 -1.189128047538376336e+02 8.882410351301149376e+01
2.700000000000000178e+00 -1.197534057556326275e+02 9.333803518844605662e+01
2.800000000000000266e+00 -1.185157933944514212e+02 9.771451565348115764e+01
2.900000000000000355e+00 -1.153052407096993761e+02 1.016656753924741707e+02
3.000000000000000000e+00 -1.104744539836315340e+02 1.048690291645895059e+02
3.100000000000000089e+00 -1.045976502166844568e+02 1.070182886134104763e+02
3.200000000000000178e+00 -9.841409588126121832e+01 1.078780141794712932e+02
3.300000000000000266e+00 -9.274688027235028187e+01 1.073342712568753115e+02
3.400000000000000355e+00 -8.840634074837350909e+01 1.054334974594771808e+02
3.500000000000000000e+00 -8.609005391421119668e+01 1.024028884077795425e+02
3.600000000000000089e+00 -8.629227724777049957e+01 9.864766346528625718e+01
3.700000000000000178e+00 -8.923499314853744124e+01 9.472334876169995255e+01
3.800000000000000266e+00 -9.483032535932355245e+01 9.128438159741219238e+01
3.900000000000000355e+00 -1.026803456771583711e+02 8.901350731636529190e+01
4.000000000000000000e+00 -1.121156368852646779e+02 8.853920471637241008e+01
4.100000000000000533e+00 -1.222690245544454370e+02 9.035037525539289049e+01
4.200000000000000178e+00 -1.321762830985180415e+02 9.471848547891231362e+01
4.299999999999999822e+00 -1.408919693896985166e+02 1.016371029330882436e+02
4.400000000000000355e+00 -1.476063295770461252e+02 1.107872980749950926e+02
4.500000000000000000e+00 -1.517487652464186283e+02 1.215348311288308736e+02
4.600000000000000533e+00 -1.530647114868016558e+02 1.329616714127546970e+02
4.700000000000000178e+00 -1.516558134992694136e+02 1.439305810562381396e+02
4.800000000000000711e+00 -1.479776171418834849e+02 1.531776720251474160e+02
4.900000000000000355e+00 -1.427940742430056957e+02 1.594244639640187415e+02
5.000000000000000000e+00 -1.370933734283045169e+02 1.614984385712474761e+02
5.100000000000000533e+00 -1.319742974335683527e+02 1.584497219057498967e+02
5.200000000000000178e+00 -1.285159048240301729e+02 1.496515175908854758e+02
5.300000000000000711e+00 -1.276454065218723883e+02 1.348732956528588147e+02
5.400000000000000355e+00 -1.300194186805153151e+02 1.143183870801216813e+02
5.500000000000000000e+00 -1.359323063346916456e+02 8.862126752115968031e+01
5.600000000000000533e+00 -1.452622867640401125e+02 5.880403995796119432e+01
5.700000000000000178e+00 -1.574617235159947199e+02 2.619597565736517808e+01
5.800000000000000711e+00 -1.715931300985118355e+02 -7.676046336273234516e+00
5.900000000000000355e+00 -1.864073995586728358e+02 -4.121520450628979404e+01
6.000000000000000000e+00 -2.004562565945697088e+02 -7.288754334937240742e+01
6.100000000000000533e+00 -2.122273884264324977e+02 -1.013464235704668823e+02
6.200000000000000178e+00 -2.202885110319750197e+02 -1.255360691810495268e+02
6.300000000000000711e+00 -2.234259594019168560e+02 -1.447640186843645438e+02
6.400000000000000355e+00 -2.207642609418965947e+02 -1.587357708695995200e+02
6.500000000000000000e+00 -2.118553927925751736e+02 -1.675491328682162191e+02
6.600000000000000533e+00 -1.967297262091245216e+02 -1.716502433434870909e+02
6.700000000000000178e+00 -1.759046166360910206e+02 -1.717574396656229396e+02
6.800000000000000711e+00 -1.503507563059101813e+02 -1.687625768120090868e+02
6.900000000000000355e+00 -1.214203288121007773e+02 -1.636216875313741355e+02
7.000000000000000000e+00 -9.074431465876028824e+01 -1.572477345449588029e+02
7.100000000000000533e+00 -6.010871315219041833e+01 -1.504175521337339489e+02
7.200000000000000178e+00 -3.132080763045582472e+01 -1.437029944895591029e+02
7.300000000000000711e+00 -6.076869637083284204e+00 -1.374330628564477763e+02
7.400000000000000355e+00 1.415805225578307081e+01 -1.316897765712220405e+02
7.500000000000000000e+00 2.824921676274795246e+01 -1.263362827607784453e+02
7.600000000000000533e+00 3.546333666681476871e+01 -1.210716974575497460e+02
7.700000000000000178e+00 3.550758302240664932e+01 -1.155039369979602526e+02
7.800000000000000711e+00 2.853496909114474889e+01 -1.092297377534242173e+02
7.900000000000000355e+00 1.511725884383232099e+01 -1.019104329000831370e+02
8.000000000000000000e+00 -3.811122008151532015e+00 -9.333293461445364869e+01
8.099999999999999645e+00 -2.703278563405973500e+01 -8.344764350969721534e+01
8.200000000000001066e+00 -5.314390610441648732e+01 -7.237837843514161307e+01
8.300000000000000711e+00 -8.065993244890921687e+01 -6.040344793715221527e+01
8.400000000000000355e+00 -1.081225617063388995e+02 -4.791113820390673794e+01
8.500000000000000000e+00 -1.342002826932103403e+02 -3.533661645853894129e+01
8.599999999999999645e+00 -1.577755323483843881e+02 -2.309003719562720747e+01
8.700000000000001066e+00 -1.780126707619132276e+02 -1.148710028960503848e+01
8.800000000000000711e+00 -1.944025049128173919e+02 -6.932223430003934261e-01
8.900000000000000355e+00 -2.067808848623613187e+02 9.309175582224483492e+00
9.000000000000000000e+00 -2.153208517706797238e+02 1.872380233021194940e+01
9.099999999999999645e+00 -2.204998085669486727e+02 2.791164079839129641e+01
9.200000000000001066e+00 -2.230450703979396962e+02 3.733222674380962758e+01
9.300000000000000711e+00 -2.238627847739499543e+02 4.746161369365041338e+01
9.400000000000000355e+00 -2.239564471267696604e+02 5.869729041901365463e+01
9.500000000000000000e+00 -2.243419532812732484e+02 7.126279659824996315e+01
9.600000000000001421e+00 -2.259662406540174402e+02 8.512564890537345264e+01
9.700000000000001066e+00 -2.296360425359143278e+02 9.994126815306164247e+01
9.800000000000000711e+00 -2.359621466001968031e+02 1.150329422598901630e+02
9.900000000000000355e+00 -2.453229099966846718e+02 1.294137525718254835e+02
1.000000000000000000e+01 -2.578488022306461289e+02 1.418513136176690068e+02
1.010000000000000142e+01 -2.734276348653490913e+02 1.509707509148009592e+02
1.020000000000000107e+01 -2.917281302405498877e+02 1.553862541118793104e+02
1.030000000000000071e+01 -3.122378119509094176e+02 1.538474563621103073e+02
1.040000000000000036e+01 -3.343100645145728436e+02 1.453843584822697323e+02
1.050000000000000000e+01 -3.572147413416581685e+02 1.294339075102471952e+02
1.060000000000000142e+01 -3.801869464166354646e+02 1.059327873921228189e+02
1.070000000000000107e+01 -4.024695280844767353e+02 7.536436023446475474e+01
1.080000000000000071e+01 -4.233462624453077865e+02 3.875263774343019918e+01
1.090000000000000036e+01 -4.421644528116399897e+02 -2.397912842204362960e+00
1.100000000000000000e+01 -4.583474673047552415e+02 -4.621172766249772934e+01
1.110000000000000142e+01 -4.713993062717268003e+02 -9.058995933445042681e+01
1.120000000000000107e+01 -4.809043930778913705e+02 -1.333815181345404994e+02
1.130000000000000071e+01 -4.865262428876198442e+02 -1.725593616304246325e+02
1.140000000000000036e+01 -4.880084087090176013e+02 -2.063834140012347689e+02
1.150000000000000000e+01 -4.851801693797414146e+02 -2.335330620323052813e+02
1.160000000000000142e+01 -4.779679586861238363e+02 -2.531957600022075781e+02
1.170000000000000107e+01 -4.664117793033939279e+02 -2.651034408775229281e+02
1.180000000000000071e+01 -4.506840991121375168e+02 -2.695145375159830223e+02
1.190000000000000036e+01 -4.311073039166417971e+02 -2.671457076863347879e+02
1.200000000000000000e+01 -4.081649577162490345e+02 -2.590630517626985920e+02
1.210000000000000142e+01 -3.825020963263958720e+02 -2.465470114355609326e+02
1.220000000000000107e+01 -3.549106322300722240e+02 -2.309477096635640976e+02
1.230000000000000071e+01 -3.262976215196522389e+02 -2.135479410992611236e+02
1.240000000000000036e+01 -2.976364451767850596e+02 -1.954493272645680690e+02
1.250000000000000000e+01 -2.699035797589558570e+02 -1.774935663964190553e+02
1.260000000000000142e+01 -2.440061954986481680e+02 -1.602257296399941993e+02
1.270000000000000107e+01 -2.207079208734336078e+02 -1.439008532059520178e+02
1.280000000000000071e+01 -2.005613889001259054e+02 -1.285294056124695317e+02
1.290000000000000036e+01 -1.838563648740666281e+02 -1.139523106652096089e+02
1.300000000000000000e+01 -1.705912230162874152e+02 -9.993270809568321056e+01
1.310000000000000142e+01 -1.604733344904605303e+02 -8.624996738141616959e+01
1.320000000000000107e+01 -1.529507680652870931e+02 -7.278181786047346691e+01
1.330000000000000071e+01 -1.472739549493063862e+02 -5.956272864755073471e+01
1.340000000000000036e+01 -1.425821051691016521e+02 -4.681051600166954074e+01
1.350000000000000000e+01 -1.380057029644315207e+02 -3.491801642374936421e+01
1.360000000000000142e+01 -1.327738450096986753e+02 -2.441185297263717402e+01
1.370000000000000107e+01 -1.263139126807362231e+02 -1.588511637585813396e+01
1.380000000000000071e+01 -1.183313262586893018e+02 -9.914521125207583552e+00
1.390000000000000036e+01 -1.088589567608176054e+02 -6.974772817444657491e+00
1.400000000000000000e+01 -9.826900203160714398e+01 -7.363211174008364779e+00
1.410000000000000142e+01 -8.724440538551986890e+01 -1.114624744994495131e+01
1.420000000000000107e+01 -7.671169354528186091e+01 -1.813593043119222870e+01
1.430000000000000071e+01 -6.774183568395697819e+01 -2.790061389023101412e+01
1.440000000000000036e+01 -6.142976947986496583e+01 -3.980878360657681014e+01
1.450000000000000000e+01 -5.876607002947709191e+01 -5.310033113634087698e+01
1.460000000000000142e+01 -6.051546768602091220e+01 -6.697560815303859272e+01
1.470000000000000107e+01 -6.711636790513057349e+01 -8.069001567900848215e+01
1.480000000000000071e+01 -7.861323616932699565e+01 -9.364103848875384983e+01
1.490000000000000036e+01 -9.462995652705677685e+01 -1.054356433151996839e+02
1.500000000000000000e+01 -1.143875177523399316e+02 -1.159286766680839378e+02
1.510000000000000142e+01 -1.367642224535920832e+02 -1.252269405843397152e+02
1.520000000000000107e+01 -1.603916998510372594e+02 -1.336584230373958064e+02
1.530000000000000071e+01 -1.837759466828061932e+02 -1.417110385662927285e+02
1.540000000000000036e+01 -2.054299214314646065e+02 -1.499495071144726523e+02
1.550000000000000000e+01 -2.240031920371378362e+02 -1.589220631352276030e+02
1.560000000000000142e+01 -2.383948816828864494e+02 -1.690701100293170214e+02
1.570000000000000107e+01 -2.478385342744172419e+02 -1.806535142549578552e+02
1.580000000000000071e+01 -2.519511839716846850e+02 -1.937020249901670752e+02
1.590000000000000036e+01 -2.507433551304291939e+02 -2.079996162309493002e+02
1.600000000000000000e+01 -2.445913461918228222e+02 -2.231038944870205114e+02
1.610000000000000142e+01 -2.341773645003568447e+02 -2.383977494142252738e+02
1.619999999999999929e+01 -2.204063569290121052e+02 -2.531658452061144544e+02
1.630000000000000071e+01 -2.043103483162173575e+02 -2.666850039400730452e+02
1.640000000000000213e+01 -1.869515746876282947e+02 -2.783155225092019123e+02
1.650000000000000000e+01 -1.693347121860515472e+02 -2.875802830842836784e+02
1.660000000000000142e+01 -1.523362871140007826e+02 -2.942201992935886778e+02
1.669999999999999929e+01 -1.366562988769123308e+02 -2.982178617244644556e+02
1.680000000000000071e+01 -1.227936844806110344e+02 -2.997857515795246286e+02
1.690000000000000213e+01 -1.110440113294134505e+02 -2.993204567377564445e+02
1.700000000000000000e+01 -1.015151611447493707e+02 -2.973292440720462650e+02
1.710000000000000142e+01 -9.415509869923086228e+01 -2.943394248487732625e+02
1.719999999999999929e+01 -8.878527556909477880e+01 -2.908036165546736811e+02
1.730000000000000071e+01 -8.513378648759001521e+01 -2.870148664842809012e+02
1.740000000000000213e+01 -8.286388314108876330e+01 -2.830445181327976343e+02
1.750000000000000000e+01 -8.159552659193550994e+01 -2.787127963045921319e+02
1.760000000000000142e+01 -8.091991183127890963e+01 -2.735977376769506577e+02
1.769999999999999929e+01 -8.040890024294689908e+01 -2.670828782483370674e+02
1.780000000000000071e+01 -7.962267943775431434e+01 -2.584387287193868588e+02
1.790000000000000213e+01 -7.811948422836465511e+01 -2.469282527724865588e+02
1.800000000000000000e+01 -7.547076533881551086e+01 -2.319229702325739595e+02
1.810000000000000142e+01 -7.128386530848558778e+01 -2.130144360558190897e+02
1.819999999999999929e+01 -6.523229589459805311e+01 -1.901059681483692430e+02
1.830000000000000071e+01 -5.709147098690820599e+01 -1.634716186405311191e+02
1.840000000000000213e+01 -4.677565788739644148e+01 -1.337732449888585791e+02
1.850000000000000000e+01 -3.437038301833063514e+01 -1.020316482876246340e+02
1.860000000000000142e+01 -2.015390173878436642e+01 -6.955344960515829200e+01
1.869999999999999929e+01 -4.601813953703572935e+00 -3.782093560725556358e+01
1.880000000000000071e+01 1.162950050271413538e+01 -8.356805663501438275e+00
1.890000000000000213e+01 2.774240512296942285e+01 1.742100922820223019e+01
1.900000000000000000e+01 4.285909736061330477e+01 3.833792143413043618e+01
1.910000000000000142e+01 5.609953928069472795e+01 5.357879866193247409e+01
1.920000000000000284e+01 6.666850982720947627e+01 6.276837765384959766e+01
1.930000000000000071e+01 7.394190418797984421e+01 6.600696491238659291e+01
1.940000000000000213e+01 7.754147596441450219e+01 6.385768350598753784e+01
1.950000000000000000e+01 7.738774311836272091e+01 5.728717959180923458e+01
1.960000000000000142e+01 7.372278315098942869e+01 4.756702829855134240e+01
1.970000000000000284e+01 6.709793400577348166e+01 3.614742214057259417e+01
1.980000000000000071e+01 5.832560496460881438e+01 2.451757147626738487e+01
1.990000000000000213e+01 4.839894892287264838e+01 1.406828375650176177e+01
2.000000000000000000e+01 3.838744169304916909e+01 5.971342793780232583e+00
2.010000000000000142e+01 2.931985421083277643e+01 1.087748930037088613e+00
2.020000000000000284e+01 2.206818601124808410e+01 -8.701341308227483751e-02
2.030000000000000071e+01 1.724652145422586358e+01 2.562794934613545905e+00
2.040000000000000213e+01 1.513736582287703314e+01 8.798049747784791208e+00
2.050000000000000000e+01 1.565495269427236380e+01 1.808293738733989642e+01
2.060000000000000142e+01 1.835065341685789519e+01 2.966714990517738570e+01
2.070000000000000284e+01 2.246051438473480744e+01 4.268073820257843920e+01
2.080000000000000071e+01 2.698975872561964451e+01 5.622971786387128645e+01
2.090000000000000213e+01 3.082449719674368538e+01 6.948150765386618843e+01
2.100000000000000000e+01 3.285750651088532948e+01 8.173157163376967560e+01
2.110000000000000142e+01 3.211320253800386126e+01 9.244584886610334706e+01
2.120000000000000284e+01 2.785709112272073895e+01 1.012772036613225026e+02
2.130000000000000071e+01 1.967699829160414993e+01 1.080576962572705924e+02
2.140000000000000213e+01 7.526992266418771393e+00 1.127714809608946638e+02
2.150000000000000000e+01 -8.270372350488703006e+00 1.155152123746166239e+02
2.160000000000000142e+01 -2.706266193743598336e+01 1.164537574565483453e+02
2.170000000000000284e+01 -4.794120988238078951e+01 1.157787236923679757e+02
2.180000000000000071e+01 -6.983986163550136439e+01 1.136759468231439314e+02
2.190000000000000213e+01 -9.164613706092410439e+01 1.103059082596078753e+02
2.200000000000000000e+01 -1.123110996125096790e+02 1.057984474792390017e+02
2.210000000000000142e+01 -1.309449965235455409e+02 1.002605170746686696e+02
2.220000000000000284e+01 -1.468881554000844858e+02 9.379349782027077254e+01
2.230000000000000071e+01 -1.597503128771024876e+02 8.651507221739278464e+01
2.240000000000000213e+01 -1.694159692999187996e+02 7.858005100004800170e+01
2.250000000000000000e+01 -1.760178842629906910e+02 7.019491545535709065e+01
2.260000000000000142e+01 -1.798848310250061218e+02 6.162208689117058213e+01
2.270000000000000284e+01 -1.814726854643689933e+02 5.317183957993369603e+01
2.280000000000000071e+01 -1.812894740883466511e+02 4.518201706489398362e+01
2.290000000000000213e+01 -1.798249941153888471e+02 3.798793129067401253e+01
2.300000000000000000e+01 -1.774941225914947154e+02 3.188666758021156511e+01
2.310000000000000142e+01 -1.746002364089439141e+02 2.710119679615613819e+01
2.320000000000000284e+01 -1.713217186535481176e+02 2.375002467925608940e+01
2.330000000000000071e+01 -1.677208686356432850e+02 2.182753358751776318e+01
2.340000000000000213e+01 -1.637712130851551535e+02 2.119877682895036131e+01
2.350000000000000000e+01 -1.593967127755186084e+02 2.161047671778887391e+01
2.360000000000000142e+01 -1.545150104164610809e+02 2.271765206547347304e+01
2.370000000000000284e+01 -1.490768233472905706e+02 2.412300362940996834e+01
2.380000000000000071e+01 -1.430947954246370841e+02 2.542425774571323416e+01
2.390000000000000213e+01 -1.366573429556661381e+02 2.626339597717072394e+01
2.400000000000000000e+01 -1.299258675423753573e+02 2.637127398365701225e+01
