0.000000000000000000e+00 -4.010077295019142980e+02 -2.418767629811548261e+02
1.000000000000000056e-01 -4.084487186330112536e+02 -2.443307965856131432e+02
2.000000000000000111e-01 -4.153523828892597862e+02 -2.462479258132972291e+02
3.000000000000000444e-01 -4.216559127023445512e+02 -2.477070743264004875e+02
4.000000000000000222e-01 -4.273609287773091978e+02 -2.488335703629356601e+02
5.000000000000000000e-01 -4.325268307093646172e+02 -2.497822300185354720e+02
6.000000000000000888e-01 -4.372628270312490599e+02 -2.507159160142201415e+02
7.000000000000000666e-01 -4.417192345285436659e+02 -2.517817550787843857e+02
8.000000000000000444e-01 -4.460782697905279974e+02 -2.530872955569454916e+02
9.000000000000000222e-01 -4.505441855496772519e+02 -2.546787932643474335e+02
1.000000000000000000e+00 -4.553323082502295165e+02 -2.565235835336569039e+02
1.100000000000000089e+00 -4.606563872301928200e+02 -2.584981876081940868e+02
1.200000000000000178e+00 -4.667137283266968097e+02 -2.603834553840832768e+02
1.300000000000000044e+00 -4.736678838022194213e+02 -2.618676841623174028e+02
1.400000000000000133e+00 -4.816291939652768406e+02 -2.625582690493449149e+02
1.500000000000000000e+00 -4.906341659432902134e+02 -2.620020091582721875e+02
1.600000000000000089e+00 -5.006254305786878831e+02 -2.597136809976972245e+02
1.700000000000000178e+00 -5.114347050862598394e+02 -2.552118709189875005e+02
1.800000000000000044e+00 -5.227716576986607606e+02 -2.480603317501788752e+02
1.900000000000000133e+00 -5.342216808842631508e+02 -2.379123320147893992e+02
2.000000000000000000e+00 -5.452552272827188062e+02 -2.245546794499555858e+02
2.100000000000000089e+00 -5.552505028164015357e+02 -2.079474418225866543e+02
2.200000000000000178e+00 -5.635299779176511947e+02 -1.882549978184073609e+02
2.300000000000000266e+00 -5.694094885251647611e+02 -1.658640683098603006e+02
2.400000000000000355e+00 -5.722568491997568572e+02 -1.413849129773236655e+02
2.500000000000000000e+00 -5.715551435615374203e+02 -1.156329804227749776e+02
2.600000000000000089e+00 -5.669644672315801017e+02 -8.958994296349082731e+01
2.700000000000000178e+00 -5.583751317964751024e+02 -6.434511101084724771e+01
2.800000000000000266e+00 -5.459453893017154087e+02 -4.102050067167782288e+01
2.900000000000000355e+00 -5.301177001936446231e+02 -2.068504985588403855e+01
3.000000000000000000e+00 -5.116094135991237408e+02 -4.265338216227559265e+00
3.100000000000000089e+00 -4.913762954917049797e+02 7.538628680526691994e+00
3.200000000000000178e+00 -4.705503468540987910e+02 1.432369612430377970e+01
3.300000000000000266e+00 -4.503564335342618961e+02 1.603173545367427266e+01
3.400000000000000355e+00 -4.320149977153669738e+02 1.296930076801991127e+01
3.500000000000000000e+00 -4.166401532687679037e+02 5.794994102621381593e+00
3.600000000000000089e+00 -4.051434766132836671e+02 -4.525959935135260181e+00
3.700000000000000178e+00 -3.981536098261414054e+02 -1.679689624399705750e+01
3.800000000000000266e+00 -3.959603697678413141e+02 -2.968825078060310219e+01
3.900000000000000355e+00 -3.984895483601846422e+02 -4.185029785021358606e+01
4.000000000000000000e+00 -4.053112881423776344e+02 -5.202911696740991943e+01
4.100000000000000533e+00 -4.156812296339355726e+02 -5.917423849664881175e+01
4.200000000000000178e+00 -4.286100158168099483e+02 -6.252715270911289736e+01
4.299999999999999822e+00 -4.429536599808435540e+02 -6.168185579035163357e+01
4.400000000000000355e+00 -4.575151212314266900e+02 -5.661161971583275943e+01
4.500000000000000000e+00 -4.711464480327244360e+02 -4.765984871289327884e+01
4.600000000000000533e+00 -4.828411460235013237e+02 -3.549677614745236554e+01
4.700000000000000178e+00 -4.918079328655549034e+02 -2.104738973353490294e+01
4.800000000000000711e+00 -4.975195329491648977e+02 -5.398915108581593181e+00
4.900000000000000355e+00 -4.997332884972958027e+02 1.030190241330262424e+01
5.000000000000000000e+00 -4.984837001356319206e+02 2.495080376585426407e+01
5.100000000000000533e+00 -4.940501278787610886e+02 3.757699893953446235e+01
5.200000000000000178e+00 -4.869054004449423019e+02 4.741457726564273401e+01
5.300000000000000711e+00 -4.776527142307360236e+02 5.394845436399810978e+01
5.400000000000000355e+00 -4.669588043644036475e+02 5.693215770001065579e+01
5.500000000000000000e+00 -4.554909376249735828e+02 5.637806546701762045e+01
5.600000000000000533e+00 -4.438639485658600847e+02 5.252373693734830340e+01
5.700000000000000178e+00 -4.326015655492640235e+02 4.578035480164049176e+01
5.800000000000000711e+00 -4.221139719150207270e+02 3.667079009380501731e+01
5.900000000000000355e+00 -4.126912586365000948e+02 2.576527477066652239e+01
6.000000000000000000e+00 -4.045104586903025279e+02 1.362213967747371868e+01
6.100000000000000533e+00 -3.976524487161009915e+02 7.396878839793261662e-01
6.200000000000000178e+00 -3.921242987572043717e+02 -1.247673177636701780e+01
6.300000000000000711e+00 -3.878826716743025145e+02 -2.573070231094452254e+01
6.400000000000000355e+00 -3.848545383427329512e+02 -3.883432084664754314e+01
6.500000000000000000e+00 -3.829526140960891212e+02 -5.169392851886394169e+01
6.600000000000000533e+00 -3.820843121634352428e+02 -6.428597391388412063e+01
6.700000000000000178e+00 -3.821544099440130253e+02 -7.662775202379913253e+01
6.800000000000000711e+00 -3.830628130403723048e+02 -8.874779553298259316e+01
6.900000000000000355e+00 -3.846996110299688780e+02 -1.006600788378048605e+02
7.000000000000000000e+00 -3.869399520628746245e+02 -1.123450841862144358e+02
7.100000000000000533e+00 -3.896411061417780388e+02 -1.237393881178827968e+02
7.200000000000000178e+00 -3.926435019908499271e+02 -1.347339909032409935e+02
7.300000000000000711e+00 -3.957766336245041430e+02 -1.451803516679385098e+02
7.400000000000000355e+00 -3.988697016473538497e+02 -1.549021776498250063e+02
7.500000000000000000e+00 -4.017658531815128526e+02 -1.637105446852282284e+02
7.600000000000000533e+00 -4.043380700136602286e+02 -1.714199109018023535e+02
7.700000000000000178e+00 -4.065042474679023030e+02 -1.778629603088793942e+02
7.800000000000000711e+00 -4.082388768292147461e+02 -1.829028490862531555e+02
7.900000000000000355e+00 -4.095790066905089475e+02 -1.864421624615251574e+02
8.000000000000000000e+00 -4.106227757300156895e+02 -1.884285609942637620e+02
8.099999999999999645e+00 -4.115197002787829206e+02 -1.888575702763580750e+02
8.200000000000001066e+00 -4.124529536835754016e+02 -1.877731727170368003e+02
8.300000000000000711e+00 -4.136149644408052382e+02 -1.852667894329481157e+02
8.400000000000000355e+00 -4.151786581222544896e+02 -1.814749580818738082e+02
8.500000000000000000e+00 -4.172674558857383431e+02 -1.765756349686566011e+02
8.599999999999999645e+00 -4.199276206458777096e+02 -1.707827177846319842e+02
8.700000000000001066e+00 -4.231066378354961444e+02 -1.643382305217143937e+02
8.800000000000000711e+00 -4.266409903016454450e+02 -1.575017236870648674e+02
8.900000000000000355e+00 -4.302559327353053504e+02 -1.505368428286815288e+02
9.000000000000000000e+00 -4.335787285103015734e+02 -1.436956500802010908e+02
9.099999999999999645e+00 -4.361653644413638631e+02 -1.372020184012695267e+02
9.200000000000001066e+00 -4.375391357985055265e+02 -1.312360793573221542e+02
9.300000000000000711e+00 -4.372378648415308362e+02 -1.259221039515692553e+02
9.400000000000000355e+00 -4.348650804357596371e+02 -1.213221751243140432e+02
9.500000000000000000e+00 -4.301394532173870857e+02 -1.174374852929900328e+02
9.600000000000001421e+00 -4.229363427940957081e+02 -1.142180791451996384e+02
9.700000000000001066e+00 -4.133156149270345736e+02 -1.115804881795159957e+02
9.800000000000000711e+00 -4.015309921456512257e+02 -1.094311940965671681e+02
9.900000000000000355e+00 -3.880180699824991848e+02 -1.076924995037855979e+02
1.000000000000000000e+01 -3.733606033526254464e+02 -1.063264714081719120e+02
1.010000000000000142e+01 -3.582374694070972510e+02 -1.053523983792495642e+02
1.020000000000000107e+01 -3.433554808238476994e+02 -1.048538005183129229e+02
1.030000000000000071e+01 -3.293755489118711353e+02 -1.049724391025269341e+02
1.040000000000000036e+01 -3.168411870529614021e+02 -1.058888156734408312e+02
1.050000000000000000e+01 -3.061186929018158480e+02 -1.077910115630628525e+02
1.060000000000000142e+01 -2.973573887008437282e+02 -1.108359880115093574e+02
1.070000000000000107e+01 -2.904760596764873526e+02 -1.151092124686116449e+02
1.080000000000000071e+01 -2.851784448814549364e+02 -1.205893282827904471e+02
1.090000000000000036e+01 -2.809967269780430570e+02 -1.271243117176424136e+02
1.100000000000000000e+01 -2.773579977115266502e+02 -1.344241262327832942e+02
1.110000000000000142e+01 -2.736652577336433865e+02 -1.420724703263375943e+02
1.120000000000000107e+01 -2.693822087759477313e+02 -1.495572005585212310e+02
1.130000000000000071e+01 -2.641103294965660666e+02 -1.563159118908453991e+02
1.140000000000000036e+01 -2.576476779092366769e+02 -1.617905359510054666e+02
1.150000000000000000e+01 -2.500214377284407021e+02 -1.654831773039897769e+02
1.160000000000000142e+01 -2.414900482829920065e+02 -1.670050903643326592e+02
1.170000000000000107e+01 -2.325152249529261894e+02 -1.661118107599403402e+02
1.180000000000000071e+01 -2.237085555599753093e+02 -1.627198304653093146e+02
1.190000000000000036e+01 -2.157609104069386490e+02 -1.569034300677253100e+02
1.200000000000000000e+01 -2.093650240118310535e+02 -1.488737561905771543e+02
1.210000000000000142e+01 -2.051419385869618566e+02 -1.389452868864187849e+02
1.220000000000000107e+01 -2.035805117788668213e+02 -1.274968498269196147e+02
1.230000000000000071e+01 -2.049961950681432086e+02 -1.149349178344651818e+02
1.240000000000000036e+01 -2.095113885649569738e+02 -1.016658534725686565e+02
1.250000000000000000e+01 -2.170556605573151501e+02 -8.808128302502524321e+01
1.260000000000000142e+01 -2.273808063870108356e+02 -7.455733045987750529e+01
1.270000000000000107e+01 -2.400837983230672990e+02 -6.146473928826641497e+01
1.280000000000000071e+01 -2.546305531430814426e+02 -4.918375366610025168e+01
1.290000000000000036e+01 -2.703751461003750478e+02 -3.811575389804723812e+01
1.300000000000000000e+01 -2.865722542125368477e+02 -2.868355982665272563e+01
1.310000000000000142e+01 -3.023844968096973389e+02 -2.131420174097753417e+01
1.320000000000000107e+01 -3.168900213674788233e+02 -1.640158507200985838e+01
1.330000000000000071e+01 -3.290981948660245280e+02 -1.425123099039585384e+01
1.340000000000000036e+01 -3.379818213042829598e+02 -1.501425968198619643e+01
1.350000000000000000e+01 -3.425324944197304262e+02 -1.862196594003189887e+01
1.360000000000000142e+01 -3.418415787030430124e+02 -2.473475274518285971e+01
1.370000000000000107e+01 -3.352034798268289251e+02 -3.271913478324833591e+01
1.380000000000000071e+01 -3.222313552883101124e+02 -4.166371859144840784e+01
1.390000000000000036e+01 -3.029695446172232778e+02 -5.043973697151223945e+01
1.400000000000000000e+01 -2.779831211821897909e+02 -5.780459619099752189e+01
1.410000000000000142e+01 -2.484042070676034086e+02 -6.253912474662404009e+01
1.420000000000000107e+01 -2.159176902678580348e+02 -6.360215363004853373e+01
1.430000000000000071e+01 -1.826757245507662617e+02 -6.028105677068872836e+01
1.440000000000000036e+01 -1.511401423398781674e+02 -5.231501944129065862e+01
1.450000000000000000e+01 -1.238632863913797024e+02 -3.996968563062736024e+01
1.460000000000000142e+01 -1.032289342020365979e+02 -2.404744732060118295e+01
1.470000000000000107e+01 -9.118396829413558180e+01 -5.826309230076805790e+00
1.480000000000000071e+01 -8.899645586477033987e+01 1.306925238537790079e+01
1.490000000000000036e+01 -9.707560345191139106e+01 3.085135063232734254e+01
1.500000000000000000e+01 -1.148832107171081418e+02 4.578248724031433881e+01
1.510000000000000142e+01 -1.409552648277753804e+02 5.639096774668024636e+01
1.520000000000000107e+01 -1.730376079499663149e+02 6.165715190459297901e+01
1.530000000000000071e+01 -2.083233114006359585e+02 6.114284880808580169e+01
1.540000000000000036e+01 -2.437640307535109230e+02 5.504370375303420104e+01
1.550000000000000000e+01 -2.764157060947537161e+02 4.415536546212202751e+01
1.560000000000000142e+01 -3.037725713089486135e+02 2.975693430984002319e+01
1.570000000000000107e+01 -3.240437894839095065e+02 1.342770587128598159e+01
1.580000000000000071e+01 -3.363343246947155194e+02 -3.176446913092576096e+00
1.590000000000000036e+01 -3.407049561826802915e+02 -1.855424326236046539e+01
1.600000000000000000e+01 -3.381037019290087073e+02 -3.156339160713349656e+01
1.610000000000000142e+01 -3.301797047581714537e+02 -4.156764244118567575e+01
1.619999999999999929e+01 -3.190079252798299763e+02 -4.850442515475526761e+01
1.630000000000000071e+01 -3.067660592959881001e+02 -5.286296714757955328e+01
1.640000000000000213e+01 -2.954118775155810113e+02 -5.557639939466344003e+01
1.650000000000000000e+01 -2.864085910323063899e+02 -5.784449413676935592e+01
1.660000000000000142e+01 -2.805379712131973520e+02 -6.091432569653058948e+01
1.669999999999999929e+01 -2.778270535457296546e+02 -6.585265272562114092e+01
1.680000000000000071e+01 -2.775965426884953331e+02 -7.334519443155068075e+01
1.690000000000000213e+01 -2.786203120434786342e+02 -8.355401756803998126e+01
1.700000000000000000e+01 -2.793685884172187457e+02 -9.605558915486656701e+01
1.710000000000000142e+01 -2.782951190692020873e+02 -1.098700198000713470e+02
1.719999999999999929e+01 -2.741226664357641312e+02 -1.235784584943339013e+02
1.730000000000000071e+01 -2.660823599007483153e+02 -1.355125424376559238e+02
1.740000000000000213e+01 -2.540704074048036034e+02 -1.439891860067371567e+02
1.750000000000000000e+01 -2.386990284582116715e+02 -1.475573424614082683e+02
1.760000000000000142e+01 -2.212350072171219608e+02 -1.452216004933790146e+02
1.769999999999999929e+01 -2.034363462761554899e+02 -1.366107550797143233e+02
1.780000000000000071e+01 -1.873125015463084821e+02 -1.220672450973752490e+02
1.790000000000000213e+01 -1.748443902446151696e+02 -1.026443718907317475e+02
1.800000000000000000e+01 -1.677053332632850129e+02 -8.001086298148914011e+01
1.810000000000000142e+01 -1.670228115807870779e+02 -5.627480554029937565e+01
1.819999999999999929e+01 -1.732138550321538446e+02 -3.374952085037973148e+01
1.830000000000000071e+01 -1.859153668168179365e+02 -1.469119725173417734e+01
1.840000000000000213e+01 -2.040166461628577963e+02 -1.041178453975430962e+00
1.850000000000000000e+01 -2.257869996719332732e+02 5.795532913344697334e+00
1.860000000000000142e+01 -2.490787365833454317e+02 5.109380368411671647e+00
1.869999999999999929e+01 -2.715767271718634674e+02 -3.034680767168614679e+00
1.880000000000000071e+01 -2.910611334264382890e+02 -1.780541039844281670e+01
1.890000000000000213e+01 -3.056502138145032745e+02 -3.769724840317195458e+01
1.900000000000000000e+01 -3.139948384735088780e+02 -6.069265799260905681e+01
1.910000000000000142e+01 -3.154044953680935350e+02 -8.447387979356970789e+01
1.920000000000000284e+01 -3.098946883543285367e+02 -1.066585351588424402e+02
1.930000000000000071e+01 -2.981561428858373120e+02 -1.250323050140767691e+02
1.940000000000000213e+01 -2.814556653179556633e+02 -1.377539791988377260e+02
1.950000000000000000e+01 -2.614856810117739201e+02 -1.435130054241288349e+02
1.960000000000000142e+01 -2.401836899820459905e+02 -1.416264406016751423e+02
1.970000000000000284e+01 -2.195439176473690281e+02 -1.320699205865120121e+02
1.980000000000000071e+01 -2.014415689198908410e+02 -1.154448914905023003e+02
1.990000000000000213e+01 -1.874859590275425489e+02 -9.289097195319550337e+01
2.000000000000000000e+01 -1.789132678778022409e+02 -6.595724609789984072e+01
2.010000000000000142e+01 -1.765236900113409320e+02 -3.644911409669445845e+01
2.020000000000000284e+01 -1.806621924889748243e+02 -6.267954054820545018e+00
2.030000000000000071e+01 -1.912376148539540281e+02 2.274053376149445427e+01
2.040000000000000213e+01 -2.077718493668633357e+02 4.891640052298858166e+01
2.050000000000000000e+01 -2.294694438986413729e+02 7.088503176145209750e+01
2.060000000000000142e+01 -2.552980388487999619e+02 8.762171985140216179e+01
2.070000000000000284e+01 -2.840712593040137222e+02 9.848090475599209981e+01
2.080000000000000071e+01 -3.145276055955462198e+02 1.031932912721614031e+02
2.090000000000000213e+01 -3.454010720979387656e+02 1.018365916666434146e+02
2.100000000000000000e+01 -3.754812839542580605e+02 9.478705473033848250e+01
2.110000000000000142e+01 -4.036625908790140898e+02 8.265925997480539422e+01
2.120000000000000284e+01 -4.289826461040961476e+02 6.624105635995329067e+01
2.130000000000000071e+01 -4.506515088271173681e+02 4.642928221769602715e+01
2.140000000000000213e+01 -4.680723311431805769e+02 2.417033182442339978e+01
2.150000000000000000e+01 -4.808543880015523087e+02 4.080367308813626082e-01
2.160000000000000142e+01 -4.888187725581860832e+02 -2.396004841890808379e+01
2.170000000000000284e+01 -4.919966890420614050e+02 -4.811786725181968194e+01
2.180000000000000071e+01 -4.906200673752340435e+02 -7.135806742137546621e+01
2.190000000000000213e+01 -4.851042727361043490e+02 -9.310183211029961114e+01
2.200000000000000000e+01 -4.760229964439569699e+02 -1.129118485626145372e+02
2.210000000000000142e+01 -4.640759397196410987e+02 -1.304986497909633840e+02
2.220000000000000284e+01 -4.500505437658472943e+02 -1.457203018934767726e+02
2.230000000000000071e+01 -4.347796616555864375e+02 -1.585752885882501744e+02
2.240000000000000213e+01 -4.190975944426445494e+02 -1.691885483353767370e+02
2.250000000000000000e+01 -4.037972313282089658e+02 -1.777909663312869384e+02
2.260000000000000142e+01 -3.895910821088867806e+02 -1.846931686540515045e+02
2.270000000000000284e+01 -3.770787517375807738e+02 -1.902551118436281854e+02
2.280000000000000071e+01 -3.667229054109283766e+02 -1.948535801686489322e+02
2.290000000000000213e+01 -3.588350670102714730e+02 -1.988501618716191217e+02
2.300000000000000000e+01 -3.535717671071517429e+02 -2.025624634091224152e+02
2.310000000000000142e+01 -3.509407034784368307e+02 -2.062411690246016178e+02
2.320000000000000284e+01 -3.508157896549440693e+02 -2.100550506132247790e+02
2.330000000000000071e+01 -3.529593246727262681e+02 -2.140852282744203023e+02
2.340000000000000213e+01 -3.570490774791433637e+02 -2.183289758005188048e+02
2.350000000000000000e+01 -3.627078735420510611e+02 -2.227122934929149380e+02
2.360000000000000142e+01 -3.695333028018065988e+02 -2.271094815474619679e+02
2.370000000000000284e+01 -3.771254154506816576e+02 -2.313671772742722510e+02
2.380000000000000071e+01 -3.851106924245321466e+02 -2.353298712038733527e+02
2.390000000000000213e+01 -3.931611132880228752e+02 -2.388638438015845509e+02
2.400000000000000000e+01 -4.010077295019144117e+02 -2.418767629811549398e+02
