0.000000000000000000e+00 -2.214550708156805570e+02 8.129524452699509993e+02
1.000000000000000056e-01 -2.084243972512281857e+02 8.242052746363657434e+02
2.000000000000000111e-01 -1.947272126656315550e+02 8.316379673396095313e+02
3.000000000000000444e-01 -1.804661296251736644e+02 8.351483902576148921e+02
4.000000000000000222e-01 -1.657932866678501398e+02 8.347656254697571967e+02
5.000000000000000000e-01 -1.509112666732642083e+02 8.306453364557859231e+02
6.000000000000000888e-01 -1.360704398310857641e+02 8.230601122472265843e+02
7.000000000000000666e-01 -1.215626835252419653e+02 8.123853441187677618e+02
8.000000000000000444e-01 -1.077116667011406292e+02 7.990813617241354905e+02
9.000000000000000222e-01 -9.486011619453542210e+01 7.836726910050825836e+02
1.000000000000000000e+00 -8.335469263188446121e+01 7.667253906383273261e+02
1.100000000000000089e+00 -7.352928037180902265e+01 7.488234750590048634e+02
1.200000000000000178e+00 -6.568762784619391937e+01 7.305454399095323197e+02
1.300000000000000044e+00 -6.008635241697261620e+01 7.124418715586947428e+02
1.400000000000000133e+00 -5.691934147276432299e+01 6.950150491319537878e+02
1.500000000000000000e+00 -5.630453649515592218e+01 6.787013396419608853e+02
1.600000000000000089e+00 -5.827398055081147277e+01 6.638570497401417470e+02
1.700000000000000178e+00 -6.276784719714828498e+01 6.507482375702647914e+02
1.800000000000000044e+00 -6.963295872677220189e+01 6.395448119823720390e+02
1.900000000000000133e+00 -7.862605567316795430e+01 6.303190610389448238e+02
2.000000000000000000e+00 -8.942181160799057693e+01 6.230485644464203006e+02
2.100000000000000089e+00 -1.016253131130705611e+02 6.176232622451971110e+02
2.200000000000000178e+00 -1.147884607037964599e+02 6.138562814115828132e+02
2.300000000000000266e+00 -1.284295083951987522e+02 6.114979690715623519e+02
2.400000000000000355e+00 -1.420547622296078600e+02 6.102524512434865755e+02
2.500000000000000000e+00 -1.551813139189839887e+02 6.097959340700799657e+02
2.600000000000000089e+00 -1.673596043016464421e+02 6.097958941210014245e+02
2.700000000000000178e+00 -1.781945984699150074e+02 6.099302682907185726e+02
2.800000000000000266e+00 -1.873644120713164511e+02 6.099057537303142453e+02
2.900000000000000355e+00 -1.946353541098135054e+02 6.094743646077370158e+02
3.000000000000000000e+00 -1.998725391515083629e+02 6.084474645228914369e+02
3.100000000000000089e+00 -2.030454609657479352e+02 6.067065990683378232e+02
3.200000000000000178e+00 -2.042281968826693515e+02 6.042105889923940367e+02
3.300000000000000266e+00 -2.035942116438131393e+02 6.009985060981299512e+02
3.400000000000000355e+00 -2.014060338562144352e+02 5.971883356216466154e+02
3.500000000000000000e+00 -1.980003694247461681e+02 5.929713235374450733e+02
3.600000000000000089e+00 -1.937694771964253846e+02 5.886022073211905763e+02
3.700000000000000178e+00 -1.891398467900241371e+02 5.843857258082949784e+02
3.800000000000000266e+00 -1.845493740777788787e+02 5.806599892305744106e+02
3.900000000000000355e+00 -1.804243163132812242e+02 5.777774556136471347e+02
4.000000000000000000e+00 -1.771573207704980177e+02 5.760843961925806980e+02
4.100000000000000533e+00 -1.750877566990145624e+02 5.758998328760030745e+02
4.200000000000000178e+00 -1.744854436747376099e+02 5.774949887987678494e+02
4.299999999999999822e+00 -1.755386676868625955e+02 5.810743039954598999e+02
4.400000000000000355e+00 -1.783471211754658725e+02 5.867590294966330475e+02
4.500000000000000000e+00 -1.829201096529470192e+02 5.945743242162120623e+02
4.600000000000000533e+00 -1.891800528792150544e+02 6.044406417871148278e+02
4.700000000000000178e+00 -1.969709916007178663e+02 6.161700134124234864e+02
4.800000000000000711e+00 -2.060715106841868476e+02 6.294676146472994560e+02
4.900000000000000355e+00 -2.162112242951272378e+02 6.439387578513909602e+02
5.000000000000000000e+00 -2.270897548376786688e+02 6.591011887874607282e+02
5.100000000000000533e+00 -2.383969879654976012e+02 6.744022978648440585e+02
5.200000000000000178e+00 -2.498333105712954705e+02 6.892405970880131463e+02
5.300000000000000711e+00 -2.611285423350613542e+02 7.029905763493107997e+02
5.400000000000000355e+00 -2.720583544714367576e+02 7.150298503024276897e+02
5.500000000000000000e+00 -2.824571272605780905e+02 7.247673514747150421e+02
5.600000000000000533e+00 -2.922264216804506418e+02 7.316712264361349298e+02
5.700000000000000178e+00 -3.013385168076672471e+02 7.352950571349448410e+02
5.800000000000000711e+00 -3.098347771247321703e+02 7.353010632878012984e+02
5.900000000000000355e+00 -3.178189436181334031e+02 7.314790449070495697e+02
6.000000000000000000e+00 -3.254457694959293121e+02 7.237599939654941181e+02
6.100000000000000533e+00 -3.329057253886317085e+02 7.122235345036833678e+02
6.200000000000000178e+00 -3.404067611045534818e+02 6.970986313913531376e+02
6.300000000000000711e+00 -3.481543148156726488e+02 6.787573266200391799e+02
6.400000000000000355e+00 -3.563308927466190426e+02 6.577016031077719163e+02
6.500000000000000000e+00 -3.650765940219457093e+02 6.345438224850508959e+02
6.600000000000000533e+00 -3.744719220756226150e+02 6.099815172859271115e+02
6.700000000000000178e+00 -3.845241068110343576e+02 5.847676215576796039e+02
6.800000000000000711e+00 -3.951579664781763768e+02 5.596774803629671169e+02
6.900000000000000355e+00 -4.062120757494695340e+02 5.354741732354186752e+02
7.000000000000000000e+00 -4.174406916578665800e+02 5.128738075107878558e+02
7.100000000000000533e+00 -4.285215401797688628e+02 4.925124763651756439e+02
7.200000000000000178e+00 -4.390692038497925296e+02 4.749165293035524655e+02
7.300000000000000711e+00 -4.486534965103266472e+02 4.604776702234674417e+02
7.400000000000000355e+00 -4.568218865505261306e+02 4.494341850999433063e+02
7.500000000000000000e+00 -4.631247547232603665e+02 4.418593173011710746e+02
7.600000000000000533e+00 -4.671420641130315516e+02 4.376574670653525345e+02
7.700000000000000178e+00 -4.685098916025729068e+02 4.365685096154866756e+02
7.800000000000000711e+00 -4.669452312226546837e+02 4.381801231234560419e+02
7.900000000000000355e+00 -4.622675338968935534e+02 4.419476140953065624e+02
8.000000000000000000e+00 -4.544155937190288341e+02 4.472203449293389781e+02
8.099999999999999645e+00 -4.434586210512430853e+02 4.532735267859316082e+02
8.200000000000001066e+00 -4.296006454109456740e+02 4.593438589529569640e+02
8.300000000000000711e+00 -4.131777499500934709e+02 4.646672890634371242e+02
8.400000000000000355e+00 -3.946480344963997595e+02 4.685170484250000413e+02
8.500000000000000000e+00 -3.745746134518122403e+02 4.702400904066960834e+02
8.599999999999999645e+00 -3.536023550871652787e+02 4.692901293685521296e+02
8.700000000000001066e+00 -3.324294369482841489e+02 4.652556399445754778e+02
8.800000000000000711e+00 -3.117751067974566013e+02 4.578814235249574836e+02
8.900000000000000355e+00 -2.923452811803161921e+02 4.470826678587851006e+02
9.000000000000000000e+00 -2.747977696667788337e+02 4.329508002281993981e+02
9.099999999999999645e+00 -2.597089721750366493e+02 4.157508450246655798e+02
9.200000000000001066e+00 -2.475438550266124196e+02 3.959104212401047107e+02
9.300000000000000711e+00 -2.386308696312856910e+02 3.740009320644419972e+02
9.400000000000000355e+00 -2.331432427185322922e+02 3.507118856234156397e+02
9.500000000000000000e+00 -2.310877508401514433e+02 3.268196227393785875e+02
9.600000000000001421e+00 -2.323017111029808177e+02 3.031519970801176100e+02
9.700000000000001066e+00 -2.364584950824908276e+02 2.805507415349500207e+02
9.800000000000000711e+00 -2.430814265164703158e+02 2.598333529465210745e+02
9.900000000000000355e+00 -2.515654798756488333e+02 2.417563311949907359e+02
1.000000000000000000e+01 -2.612057803947677712e+02 2.269815189776432476e+02
1.010000000000000142e+01 -2.712315393670864410e+02 2.160471113856335421e+02
1.020000000000000107e+01 -2.808437615418571909e+02 2.093446501359617287e+02
1.030000000000000071e+01 -2.892548506300334452e+02 2.071030006614245735e+02
1.040000000000000036e+01 -2.957281258587320849e+02 2.093799489243235712e+02
1.050000000000000000e+01 -2.996152535517587694e+02 2.160616686354107969e+02
1.060000000000000142e+01 -3.003896935359218219e+02 2.268699193263091161e+02
1.070000000000000107e+01 -2.976744557927695496e+02 2.413764620247526977e+02
1.080000000000000071e+01 -2.912627478220719013e+02 2.590238413390283654e+02
1.090000000000000036e+01 -2.811304524892680661e+02 2.791513973820499928e+02
1.100000000000000000e+01 -2.674397905770059083e+02 3.010251516679463748e+02
1.110000000000000142e+01 -2.505339698428493875e+02 3.238700674256247680e+02
1.120000000000000107e+01 -2.309230794131499636e+02 3.469031218093623465e+02
1.130000000000000071e+01 -2.092619307421376220e+02 3.693656457764473089e+02
1.140000000000000036e+01 -1.863209509778104405e+02 3.905534829949114624e+02
1.150000000000000000e+01 -1.629515804039717182e+02 4.098436839695038998e+02
1.160000000000000142e+01 -1.400478949446507215e+02 4.267166740354537637e+02
1.170000000000000107e+01 -1.185063539926336347e+02 4.407730996310785372e+02
1.180000000000000071e+01 -9.918565440841091174e+01 4.517448501702208432e+02
1.190000000000000036e+01 -8.286865007446415632e+01 4.595000559287310011e+02
1.200000000000000000e+01 -7.022817494324546317e+01 4.640421588769702339e+02
1.210000000000000142e+01 -6.179839339016059796e+01 4.655034277514857877e+02
1.220000000000000107e+01 -5.795300697090435449e+01 4.641335273269751838e+02
1.230000000000000071e+01 -5.889128756807717480e+01 4.602839440423169890e+02
1.240000000000000036e+01 -6.463250275077257356e+01 4.543892083393587882e+02
1.250000000000000000e+01 -7.501887142182741286e+01 4.469459343403419211e+02
1.260000000000000142e+01 -8.972675888738135086e+01 4.384907194922102462e+02
1.270000000000000107e+01 -1.082854124899684507e+02 4.295779136699343894e+02
1.280000000000000071e+01 -1.301021726151911366e+02 4.207581851565773832e+02
1.290000000000000036e+01 -1.544927874399011500e+02 4.125586886200578647e+02
1.300000000000000000e+01 -1.807152280588693998e+02 4.054654882196716130e+02
1.310000000000000142e+01 -2.080052543065739314e+02 3.999087188710201985e+02
1.320000000000000107e+01 -2.356119267708893688e+02 3.962507922714750066e+02
1.330000000000000071e+01 -2.628312984231213250e+02 3.947777827687428385e+02
1.340000000000000036e+01 -2.890366463937706385e+02 3.956939714907795178e+02
1.350000000000000000e+01 -3.137038125973489855e+02 3.991193934206716563e+02
1.360000000000000142e+01 -3.364304990165089180e+02 4.050901270602628301e+02
1.370000000000000107e+01 -3.569486940430423942e+02 4.135609931836850137e+02
1.380000000000000071e+01 -3.751297724393400586e+02 4.244102885166560100e+02
1.390000000000000036e+01 -3.909821938545426860e+02 4.374461700786312122e+02
1.400000000000000000e+01 -4.046421035884080197e+02 4.524143222986428441e+02
1.410000000000000142e+01 -4.163574952131832561e+02 4.690065760400614749e+02
1.420000000000000107e+01 -4.264669100714588694e+02 4.868701993619274617e+02
1.430000000000000071e+01 -4.353739083296675858e+02 5.056176366943547578e+02
1.440000000000000036e+01 -4.435187381024772435e+02 5.248365287258293392e+02
1.450000000000000000e+01 -4.513487447929866789e+02 5.440998930480408262e+02
1.460000000000000142e+01 -4.592890978795198293e+02 5.629763801243594799e+02
1.470000000000000107e+01 -4.677153667526188769e+02 5.810405368021056347e+02
1.480000000000000071e+01 -4.769293547763727474e+02 5.978830087340980981e+02
1.490000000000000036e+01 -4.871394092141903229e+02 6.131205941799913717e+02
1.500000000000000000e+01 -4.984461750285237258e+02 6.264060272424568439e+02
1.510000000000000142e+01 -5.108344665239422397e+02 6.374373230000252306e+02
1.520000000000000107e+01 -5.241716079705777247e+02 6.459664660148149551e+02
1.530000000000000071e+01 -5.382122594420059158e+02 6.518071740512302767e+02
1.540000000000000036e+01 -5.526094140952013731e+02 6.548414276337418869e+02
1.550000000000000000e+01 -5.669309443745577255e+02 6.550244301286921882e+02
1.560000000000000142e+01 -5.806808021023439323e+02 6.523876583102252198e+02
1.570000000000000107e+01 -5.933237539846685422e+02 6.470396843805568778e+02
1.580000000000000071e+01 -6.043123698865908864e+02 6.391644997781579605e+02
1.590000000000000036e+01 -6.131148833580305109e+02 6.290171492178344579e+02
1.600000000000000000e+01 -6.192425159705816213e+02 6.169165882700491466e+02
1.610000000000000142e+01 -6.222748992013249563e+02 6.032358050358692481e+02
1.619999999999999929e+01 -6.218823365922002040e+02 5.883893895649772503e+02
1.630000000000000071e+01 -6.178438182475434814e+02 5.728188852457235498e+02
1.640000000000000213e+01 -6.100599201222728425e+02 5.569764048272504624e+02
1.650000000000000000e+01 -5.985599804095605805e+02 5.413071297184291097e+02
1.660000000000000142e+01 -5.835032313727770088e+02 5.262314245054742514e+02
1.669999999999999929e+01 -5.651738628691368831e+02 5.121273797874268894e+02
1.680000000000000071e+01 -5.439702889487161883e+02 4.993146374936047778e+02
1.690000000000000213e+01 -5.203891670335923436e+02 4.880403480007661869e+02
1.700000000000000000e+01 -4.950049670949449592e+02 4.784680544377955016e+02
1.710000000000000142e+01 -4.684460944221764294e+02 4.706701963786601368e+02
1.719999999999999929e+01 -4.413687246703356095e+02 4.646247756678582732e+02
1.730000000000000071e+01 -4.144296071207034515e+02 4.602165375020440479e+02
1.740000000000000213e+01 -3.882591276005029499e+02 4.572427990778984395e+02
1.750000000000000000e+01 -3.634358953916287192e+02 4.554238174948317237e+02
1.760000000000000142e+01 -3.404640308284700154e+02 4.544173413474482572e+02
1.769999999999999929e+01 -3.197541871142502714e+02 4.538367507602953879e+02
1.780000000000000071e+01 -3.016091487344735924e+02 4.532719728847438319e+02
1.790000000000000213e+01 -2.862146194738979261e+02 4.523121777564959984e+02
1.800000000000000000e+01 -2.736355569198982494e+02 4.505691249739628574e+02
1.810000000000000142e+01 -2.638181400815356596e+02 4.476999545858157035e+02
1.819999999999999929e+01 -2.565971855333425538e+02 4.434282024942543217e+02
1.830000000000000071e+01 -2.517085683834083341e+02 4.375618746548576041e+02
1.840000000000000213e+01 -2.488059697388431175e+02 4.300075346016818116e+02
1.850000000000000000e+01 -2.474810732825668822e+02 4.207795406562908624e+02
1.860000000000000142e+01 -2.472861793617150568e+02 4.100038041691351509e+02
1.869999999999999929e+01 -2.477581026600391851e+02 3.979157165474431963e+02
1.880000000000000071e+01 -2.484421735625306837e+02 3.848521961996812593e+02
1.890000000000000213e+01 -2.489151754334188524e+02 3.712381205199326928e+02
1.900000000000000000e+01 -2.488061190964064906e+02 3.575677153102327566e+02
1.910000000000000142e+01 -2.478138779350616119e+02 3.443817572743018331e+02
1.920000000000000284e+01 -2.457208757542055650e+02 3.322416881195723590e+02
1.930000000000000071e+01 -2.424022261396667091e+02 3.217019270774432584e+02
1.940000000000000213e+01 -2.378299559817213265e+02 3.132817908505359696e+02
1.950000000000000000e+01 -2.320721952433634669e+02 3.074384782330296275e+02
1.960000000000000142e+01 -2.252874673992940870e+02 3.045425470949966211e+02
1.970000000000000284e+01 -2.177144575943232212e+02 3.048572045659653327e+02
1.980000000000000071e+01 -2.096578563589675923e+02 3.085225519269056917e+02
1.990000000000000213e+01 -2.014710647100154688e+02 3.155456828547580699e+02
2.000000000000000000e+01 -1.935366923894998479e+02 3.257972398141956205e+02
2.010000000000000142e+01 -1.862458777629086342e+02 3.390147040460050221e+02
2.020000000000000284e+01 -1.799775009489204649e+02 3.548123473203613685e+02
2.030000000000000071e+01 -1.750783493046144201e+02 3.726974270548029153e+02
2.040000000000000213e+01 -1.718452275298306233e+02 3.920918792302858833e+02
2.050000000000000000e+01 -1.705098872915843629e+02 4.123584734554459033e+02
2.060000000000000142e+01 -1.712274899387807352e+02 4.328301572115199178e+02
2.070000000000000284e+01 -1.740691194032154954e+02 4.528411445679720373e+02
2.080000000000000071e+01 -1.790186414206836218e+02 4.717582077220179144e+02
2.090000000000000213e+01 -1.859739716838392383e+02 4.890106127340388298e+02
2.100000000000000000e+01 -1.947525820247653030e+02 5.041172046096300505e+02
2.110000000000000142e+01 -2.051008527574753373e+02 5.167092878574562747e+02
2.120000000000000284e+01 -2.167066827194252028e+02 5.265481591329449884e+02
2.130000000000000071e+01 -2.292146068161841299e+02 5.335364171853843800e+02
2.140000000000000213e+01 -2.422425525473180983e+02 5.377224876646871508e+02
2.150000000000000000e+01 -2.553992982231018232e+02 5.392981398192705456e+02
2.160000000000000142e+01 -2.683016797679415504e+02 5.385891208654160209e+02
2.170000000000000284e+01 -2.805906305922636079e+02 5.360393736885931730e+02
2.180000000000000071e+01 -2.919452274564101231e+02 5.321896171134198994e+02
2.190000000000000213e+01 -3.020940491439337166e+02 5.276513394537943213e+02
2.200000000000000000e+01 -3.108233261359311541e+02 5.230774720907213577e+02
2.210000000000000142e+01 -3.179815582320723024e+02 5.191311602139185197e+02
2.220000000000000284e+01 -3.234804915331113193e+02 5.164541260072438718e+02
2.230000000000000071e+01 -3.272925638151143630e+02 5.156361227443751432e+02
2.240000000000000213e+01 -3.294451353325889045e+02 5.171869077145914844e+02
2.250000000000000000e+01 -3.300120082822219842e+02 5.215120226181850285e+02
2.260000000000000142e+01 -3.291028916006300733e+02 5.288934704671407872e+02
2.270000000000000284e+01 -3.268515794285187326e+02 5.394761293821716208e+02
2.280000000000000071e+01 -3.234036748736169216e+02 5.532604594712886410e+02
2.290000000000000213e+01 -3.189047019279879578e+02 5.701017541107186162e+02
2.300000000000000000e+01 -3.134894069252283657e+02 5.897158769305706301e+02
2.310000000000000142e+01 -3.072729593055209989e+02 6.116911259168537072e+02
2.320000000000000284e+01 -3.003446252763137068e+02 6.355055905563465330e+02
2.330000000000000071e+01 -2.927643155301814204e+02 6.605491294506330178e+02
2.340000000000000213e+01 -2.845622100856620591e+02 6.861489046140294477e+02
2.350000000000000000e+01 -2.757414517735966797e+02 7.115972723452993023e+02
2.360000000000000142e+01 -2.662836880485508573e+02 7.361807537492311440e+02
2.370000000000000284e+01 -2.561570419503751168e+02 7.592087922318554547e+02
2.380000000000000071e+01 -2.453259197988593883e+02 7.800410491451415282e+02
2.390000000000000213e+01 -2.337619267594504890e+02 7.981120879657863725e+02
2.400000000000000000e+01 -2.214550708156805570e+02 8.129524452699509993e+02
