0.000000000000000000e+00 -1.025351976534521867e+02 2.855929879669558886e+02
1.000000000000000056e-01 -1.137411309582311958e+02 2.907990849617592062e+02
2.000000000000000111e-01 -1.246471376217453155e+02 2.974675319190696996e+02
3.000000000000000444e-01 -1.346791409523202674e+02 3.049514081015456668e+02
4.000000000000000222e-01 -1.432166981142369764e+02 3.124099362137995399e+02
5.000000000000000000e-01 -1.497918776835323911e+02 3.189393421143204250e+02
6.000000000000000888e-01 -1.542313661590344225e+02 3.237408839117744606e+02
7.000000000000000666e-01 -1.566631497489847220e+02 3.262552144899531754e+02
8.000000000000000444e-01 -1.573924896116833168e+02 3.261990621974011333e+02
9.000000000000000222e-01 -1.567319712381467411e+02 3.234963008708467669e+02
1.000000000000000000e+00 -1.548910050095599331e+02 3.181662715023088026e+02
1.100000000000000089e+00 -1.519757497900190799e+02 3.102635260331448990e+02
1.200000000000000178e+00 -1.480604043274919093e+02 2.999224588066763317e+02
1.300000000000000044e+00 -1.432335651896208617e+02 2.874680595333073256e+02
1.400000000000000133e+00 -1.375461382144465574e+02 2.734771451922451888e+02
1.500000000000000000e+00 -1.308779049756887787e+02 2.586801600906770204e+02
1.600000000000000089e+00 -1.228307979910752863e+02 2.436950610851004626e+02
1.700000000000000178e+00 -1.127729443525124964e+02 2.287207418588043026e+02
1.800000000000000044e+00 -1.000736601985797876e+02 2.133884028615025272e+02
1.900000000000000133e+00 -8.443602705140428100e+01 1.969091211608646859e+02
2.000000000000000000e+00 -6.614502728620523442e+01 1.784875441979687309e+02
2.100000000000000089e+00 -4.607674898487588422e+01 1.578011511074132898e+02
2.200000000000000178e+00 -2.545004375540299790e+01 1.352909588887611676e+02
2.300000000000000266e+00 -5.458621515121330425e+00 1.121180982616350974e+02
2.400000000000000355e+00 1.300944294359538134e+01 8.984377266011139795e+01
2.500000000000000000e+00 2.942731437647910653e+01 7.004981635467777323e+01
2.600000000000000089e+00 4.348410501314142351e+01 5.412236268990641719e+01
2.700000000000000178e+00 5.490217016036764619e+01 4.327002867191229996e+01
2.800000000000000266e+00 6.339730097023685573e+01 3.865222135424532013e+01
2.900000000000000355e+00 6.884259130167541230e+01 4.139865181076784495e+01
3.000000000000000000e+00 7.152644127924433803e+01 5.238112332960563577e+01
3.100000000000000089e+00 7.229900921207833164e+01 7.179795766170101956e+01
3.200000000000000178e+00 7.245377516484280989e+01 9.880468958631996657e+01
3.300000000000000266e+00 7.336037036299973124e+01 1.314417755170751718e+02
3.400000000000000355e+00 7.603474020805678890e+01 1.669516443186240338e+02
3.500000000000000000e+00 8.088306156346290265e+01 2.023500815004288995e+02
3.600000000000000089e+00 8.774873730286228124e+01 2.349768653792280020e+02
3.700000000000000178e+00 9.619896127010353837e+01 2.627913725765911295e+02
3.800000000000000266e+00 1.058400605145594966e+02 2.843655221965957480e+02
3.900000000000000355e+00 1.164480570087586528e+02 2.987227584893237236e+02
4.000000000000000000e+00 1.278409879803366067e+02 3.052401896881825110e+02
4.100000000000000533e+00 1.396032770458329253e+02 3.037311302055958322e+02
4.200000000000000178e+00 1.508741632239466242e+02 2.946402491875629153e+02
4.299999999999999822e+00 1.603671516283058622e+02 2.791563570752726378e+02
4.400000000000000355e+00 1.666338470055544576e+02 2.590759679685268679e+02
4.500000000000000000e+00 1.684330402628292518e+02 2.364154704745873801e+02
4.600000000000000533e+00 1.650159595888818558e+02 2.129510750398889343e+02
4.700000000000000178e+00 1.562147493048038029e+02 1.899302984697554564e+02
4.800000000000000711e+00 1.423583834199960449e+02 1.680961567495079976e+02
4.900000000000000355e+00 1.241367892503252222e+02 1.479637791335872521e+02
5.000000000000000000e+00 1.025263561731837285e+02 1.301268546759972367e+02
5.100000000000000533e+00 7.879488439010414425e+01 1.153586274772718809e+02
5.200000000000000178e+00 5.450055366121662814e+01 1.044160755726316836e+02
5.300000000000000711e+00 3.136857875407014262e+01 9.765786280177947276e+01
5.400000000000000355e+00 1.099599840782736671e+01 9.471282137560727676e+01
5.500000000000000000e+00 -5.545408042269995619e+00 9.440820979644462341e+01
5.600000000000000533e+00 -1.804590926457568756e+01 9.501232104819021629e+01
5.700000000000000178e+00 -2.726760416357263495e+01 9.467048300464500699e+01
5.800000000000000711e+00 -3.474767786310364670e+01 9.182709208260537537e+01
5.900000000000000355e+00 -4.234586876710149284e+01 8.547064395257670810e+01
6.000000000000000000e+00 -5.169296986861075993e+01 7.516710944605996758e+01
6.100000000000000533e+00 -6.373161571570010864e+01 6.096543290599860399e+01
6.200000000000000178e+00 -7.849522027219002496e+01 4.329398190545934000e+01
6.300000000000000711e+00 -9.517266349977755624e+01 2.291180757024735826e+01
6.400000000000000355e+00 -1.123992369785033816e+02 8.892370693216056221e-01
6.500000000000000000e+00 -1.286406717954843373e+02 -2.145973764067565526e+01
6.600000000000000533e+00 -1.425232027207746341e+02 -4.274957265324783151e+01
6.700000000000000178e+00 -1.530104834289269320e+02 -6.178210525453287971e+01
6.800000000000000711e+00 -1.594128366516787878e+02 -7.780448522770717545e+01
6.900000000000000355e+00 -1.612924610620777628e+02 -9.066155036522800970e+01
7.000000000000000000e+00 -1.583589974837381931e+02 -1.007840450402597270e+02
7.100000000000000533e+00 -1.504200317166386753e+02 -1.090298273769130901e+02
7.200000000000000178e+00 -1.373868810698853622e+02 -1.164526248450831218e+02
7.300000000000000711e+00 -1.192882567977146522e+02 -1.240822159878176478e+02
7.400000000000000355e+00 -9.625225431468463455e+01 -1.327661518032550703e+02
7.500000000000000000e+00 -6.847497474323331801e+01 -1.430766175673150258e+02
7.600000000000000533e+00 -3.625011698352320622e+01 -1.552576760382067107e+02
7.700000000000000178e+00 -1.274912848581918334e-01 -1.691890874293507636e+02
7.800000000000000711e+00 3.881813860569520358e+01 -1.843621457691803869e+02
7.900000000000000355e+00 7.874326377565307666e+01 -1.998809133297224037e+02
8.000000000000000000e+00 1.170094883561915253e+02 -2.145069700466532083e+02
8.099999999999999645e+00 1.505016529740681221e+02 -2.267589775069882023e+02
8.200000000000001066e+00 1.762463606406266479e+02 -2.350683608476650477e+02
8.300000000000000711e+00 1.921123951148539675e+02 -2.379836143051243482e+02
8.400000000000000355e+00 1.973128921970224212e+02 -2.344049705419047029e+02
8.500000000000000000e+00 1.925291551486081687e+02 -2.238143890592042737e+02
8.599999999999999645e+00 1.796761556595956790e+02 -2.064474443490893236e+02
8.700000000000001066e+00 1.614965319476655168e+02 -1.833479243868152082e+02
8.800000000000000711e+00 1.411926027152344432e+02 -1.562664113443115070e+02
8.900000000000000355e+00 1.221790474447518022e+02 -1.274098593632234895e+02
9.000000000000000000e+00 1.078683941403009072e+02 -9.910009210733227292e+01
9.099999999999999645e+00 1.013266238320404824e+02 -7.342721446035446320e+01
9.200000000000001066e+00 1.047238501429658442e+02 -5.197336147706165121e+01
9.300000000000000711e+00 1.186959825681749408e+02 -3.564233354215557625e+01
9.400000000000000355e+00 1.418839428374831755e+02 -2.459011258596791549e+01
9.500000000000000000e+00 1.709065505543316021e+02 -1.823638046999856499e+01
9.600000000000001421e+00 2.008456211114693701e+02 -1.535141630618912956e+01
9.700000000000001066e+00 2.260921724370629988e+02 -1.423391910320628995e+01
9.800000000000000711e+00 2.412717666653895492e+02 -1.299381989440424690e+01
9.900000000000000355e+00 2.420095652975884946e+02 -9.918411863202463152e+00
1.000000000000000000e+01 2.254570848718271066e+02 -3.848353193116440529e+00
1.010000000000000142e+01 1.906455386967340360e+02 5.541563956862371576e+00
1.020000000000000107e+01 1.387442408307360893e+02 1.764643708241361963e+01
1.030000000000000071e+01 7.318966901736807529e+01 3.104997771290707576e+01
1.040000000000000036e+01 -4.751532960870935574e-01 4.381613490247380582e+01
1.050000000000000000e+01 -7.521719787072407826e+01 5.386637261715026881e+01
1.060000000000000142e+01 -1.435934059740606301e+02 5.935437718181047728e+01
1.070000000000000107e+01 -1.990635349756820744e+02 5.898135717201056849e+01
1.080000000000000071e+01 -2.371450869482195003e+02 5.222910902934573585e+01
1.090000000000000036e+01 -2.560522957829724646e+02 3.950143724308816218e+01
1.100000000000000000e+01 -2.566758484748579576e+02 2.215694129918487576e+01
1.110000000000000142e+01 -2.420271181460913681e+02 2.406800293309946603e+00
1.120000000000000107e+01 -2.164343149815179288e+02 -1.693943410920416426e+01
1.130000000000000071e+01 -1.847626856221728247e+02 -3.286427869940648350e+01
1.140000000000000036e+01 -1.517855115292156540e+02 -4.261145920389025576e+01
1.150000000000000000e+01 -1.216832766200427756e+02 -4.414673087918642835e+01
1.160000000000000142e+01 -9.760095273559900875e+01 -3.651898874295377340e+01
1.170000000000000107e+01 -8.126016609471814434e+01 -2.004907305716492161e+01
1.180000000000000071e+01 -7.272455583112019895e+01 3.694837007574785392e+00
1.190000000000000036e+01 -7.045112804371568416e+01 3.214036441312362768e+01
1.200000000000000000e+01 -7.168389648231344324e+01 6.213878906754388964e+01
1.210000000000000142e+01 -7.310314197040162298e+01 9.050251710102085667e+01
1.220000000000000107e+01 -7.152995099211067043e+01 1.145420559585446938e+02
1.230000000000000071e+01 -6.447596335611817153e+01 1.324812700424392347e+02
1.240000000000000036e+01 -5.042443865772020928e+01 1.436580051958878528e+02
1.250000000000000000e+01 -2.886429426903510986e+01 1.484827101787273875e+02
1.260000000000000142e+01 -1.897784979856524945e-01 1.482044127811541898e+02
1.270000000000000107e+01 3.441937868760685859e+01 1.445835078973429972e+02
1.280000000000000071e+01 7.309102277914773538e+01 1.395691582943639730e+02
1.290000000000000036e+01 1.133607820305647778e+02 1.350326285835454030e+02
1.300000000000000000e+01 1.523496145600300338e+02 1.325533687947410897e+02
1.310000000000000142e+01 1.870622353485666451e+02 1.332335015504032469e+02
1.320000000000000107e+01 2.147825256949533355e+02 1.375428762788120025e+02
1.330000000000000071e+01 2.334763441292329560e+02 1.452446340621168588e+02
1.340000000000000036e+01 2.420848277921273564e+02 1.554705904264743879e+02
1.350000000000000000e+01 2.406167102903745842e+02 1.669725326647844952e+02
1.360000000000000142e+01 2.300161770929579745e+02 1.784831641213940543e+02
1.370000000000000107e+01 2.118648518382356372e+02 1.890384777078381262e+02
1.380000000000000071e+01 1.880363351056964802e+02 1.981085923762667562e+02
1.390000000000000036e+01 1.604289294130768724e+02 2.054790833385233100e+02
1.400000000000000000e+01 1.308482013205641010e+02 2.109722021927699132e+02
1.410000000000000142e+01 1.010195409600139982e+02 2.142035698400600552e+02
1.420000000000000107e+01 7.263190531435117236e+01 2.145571742725416016e+02
1.430000000000000071e+01 4.729767523780303407e+01 2.114262334999711470e+02
1.440000000000000036e+01 2.637631139260244595e+01 2.045910945829826346e+02
1.450000000000000000e+01 1.071583455368515203e+01 1.945043785511684291e+02
1.460000000000000142e+01 4.457260029489562569e-01 1.823000878247833043e+02
1.470000000000000107e+01 -5.051623769892659155e+00 1.695111748935295850e+02
1.480000000000000071e+01 -6.959547280344003717e+00 1.576579604505216707e+02
1.490000000000000036e+01 -6.727947666940685245e+00 1.479365910994809212e+02
1.500000000000000000e+01 -5.812655516419828139e+00 1.411469209725906637e+02
1.510000000000000142e+01 -5.564626101325643504e+00 1.378176710672381944e+02
1.520000000000000107e+01 -7.254425161940138977e+00 1.383449850763310280e+02
1.530000000000000071e+01 -1.210188580153028681e+01 1.429631735495888165e+02
1.540000000000000036e+01 -2.116580492893516308e+01 1.515142782022170991e+02
1.550000000000000000e+01 -3.505498408555077106e+01 1.631694149605240796e+02
1.560000000000000142e+01 -5.358022019665249047e+01 1.763403565757091940e+02
1.570000000000000107e+01 -7.556212993119770260e+01 1.889335174457817459e+02
1.580000000000000071e+01 -9.896361066839904197e+01 1.988918693318872215e+02
1.590000000000000036e+01 -1.213463231475672188e+02 2.047836678208230126e+02
1.600000000000000000e+01 -1.404648124693941043e+02 2.061603734302422311e+02
1.610000000000000142e+01 -1.547336284513893929e+02 2.035460941895943847e+02
1.619999999999999929e+01 -1.633859871917122462e+02 1.981396462357134851e+02
1.630000000000000071e+01 -1.663317408234496497e+02 1.914559303137574489e+02
1.640000000000000213e+01 -1.638903449471455644e+02 1.851088821126193693e+02
1.650000000000000000e+01 -1.566104321659522896e+02 1.807718466603150205e+02
1.660000000000000142e+01 -1.452746212782662383e+02 1.801744637371379838e+02
1.669999999999999929e+01 -1.310139222789112239e+02 1.849456317491895447e+02
1.680000000000000071e+01 -1.153492322342447522e+02 1.962311787376391692e+02
1.690000000000000213e+01 -1.000156820548571233e+02 2.142161165699151297e+02
1.700000000000000000e+01 -8.658095920865511630e+01 2.378135324327577962e+02
1.710000000000000142e+01 -7.602873992459294072e+01 2.647402452281875185e+02
1.719999999999999929e+01 -6.852747236138661435e+01 2.920020477489528048e+02
1.730000000000000071e+01 -6.350664688422588711e+01 3.165884247385940284e+02
1.740000000000000213e+01 -5.998470294002019187e+01 3.360759699748139724e+02
1.750000000000000000e+01 -5.695611472111102103e+01 3.489229207724876574e+02
1.760000000000000142e+01 -5.363867709255558225e+01 3.544392524451290569e+02
1.769999999999999929e+01 -4.950121186863650991e+01 3.525965953736388769e+02
1.780000000000000071e+01 -4.414692054963543200e+01 3.438845243325774277e+02
1.790000000000000213e+01 -3.721030434758588257e+01 3.293127427842915154e+02
1.800000000000000000e+01 -2.838608535062796534e+01 3.104942800081316818e+02
1.810000000000000142e+01 -1.758611176237115004e+01 2.896462917534236112e+02
1.819999999999999929e+01 -5.109183411505906491e+00 2.693785928016025082e+02
1.830000000000000071e+01 8.311875559258472990e+00 2.522739770837979449e+02
1.840000000000000213e+01 2.164259648125572610e+01 2.404003183025929502e+02
1.850000000000000000e+01 3.379870326999250096e+01 2.349415421452792430e+02
1.860000000000000142e+01 4.388680698506926348e+01 2.360704175740779931e+02
1.869999999999999929e+01 5.132400333767905920e+01 2.430634978090216691e+02
1.880000000000000071e+01 5.581635557741213916e+01 2.545599253373056001e+02
1.890000000000000213e+01 5.726737016576730355e+01 2.688441099135256422e+02
1.900000000000000000e+01 5.571705535301924783e+01 2.840807481011620439e+02
1.910000000000000142e+01 5.136568153185320540e+01 2.984984484450945388e+02
1.920000000000000284e+01 4.465388421044454503e+01 3.105536584988665254e+02
1.930000000000000071e+01 3.631418899881700213e+01 3.190931811080823195e+02
1.940000000000000213e+01 2.731774525934186570e+01 3.234947810430888921e+02
1.950000000000000000e+01 1.870560229381155182e+01 3.237399365451510675e+02
1.960000000000000142e+01 1.136942155807764543e+01 3.203832496143960498e+02
1.970000000000000284e+01 5.881192959632846495e+00 3.144214974068185029e+02
1.980000000000000071e+01 2.444328617187395913e+00 3.071037577239724783e+02
1.990000000000000213e+01 9.696753906767567877e-01 2.997377017829278429e+02
2.000000000000000000e+01 1.214564744957802089e+00 2.935317272106618134e+02
2.010000000000000142e+01 2.900231671754536666e+00 2.894838240647266616e+02
2.020000000000000284e+01 5.752314133456245315e+00 2.883068703162353472e+02
2.030000000000000071e+01 9.467599882757603780e+00 2.903768935989567694e+02
2.040000000000000213e+01 1.365939132465529404e+01 2.957008116131895576e+02
2.050000000000000000e+01 1.784489054049419110e+01 3.039105447571720902e+02
2.060000000000000142e+01 2.150753023172198652e+01 3.142923114036637458e+02
2.070000000000000284e+01 2.421665900934984350e+01 3.258541576321943012e+02
2.080000000000000071e+01 2.574765356104480674e+01 3.374281085442008248e+02
2.090000000000000213e+01 2.613960425096457030e+01 3.478002728494514599e+02
2.100000000000000000e+01 2.565704267235316394e+01 3.558605335892838184e+02
2.110000000000000142e+01 2.466936012431007441e+01 3.607574395532569724e+02
2.120000000000000284e+01 2.350121142780924188e+01 3.620322192966546027e+02
2.130000000000000071e+01 2.231977298578545188e+01 3.596958042987127442e+02
2.140000000000000213e+01 2.110559188434800149e+01 3.542163006032879480e+02
2.150000000000000000e+01 1.971376991365650611e+01 3.464078755558174407e+02
2.160000000000000142e+01 1.799098160532160051e+01 3.372484505899832925e+02
2.170000000000000284e+01 1.588998743608161313e+01 3.276841019272351332e+02
2.180000000000000071e+01 1.352657840706730319e+01 3.184836588771096331e+02
2.190000000000000213e+01 1.115171463603214619e+01 3.101819170445333498e+02
2.200000000000000000e+01 9.051082796249392715e+00 3.031069738172994334e+02
2.210000000000000142e+01 7.417882443029683692e+00 2.974504101487776211e+02
2.220000000000000284e+01 6.257489807374541968e+00 2.933281926631729561e+02
2.230000000000000071e+01 5.368692804215974945e+00 2.907984714744632129e+02
2.240000000000000213e+01 4.411124378887658182e+00 2.898356152374428802e+02
2.250000000000000000e+01 3.027991047368730371e+00 2.902867950573714779e+02
2.260000000000000142e+01 9.664551156790615050e-01 2.918444890363687136e+02
2.270000000000000284e+01 -1.860954870329997402e+00 2.940564152539151337e+02
2.280000000000000071e+01 -5.400697397132304012e+00 2.963755043903830142e+02
2.290000000000000213e+01 -9.550412134635976713e+00 2.982387501117159445e+02
2.300000000000000000e+01 -1.426467864460357582e+01 2.991590646845443189e+02
2.310000000000000142e+01 -1.961278582589027053e+01 2.988142851280808259e+02
2.320000000000000284e+01 -2.575470735715586557e+01 2.971166717584604271e+02
2.330000000000000071e+01 -3.285011781033033174e+01 2.942447384521881872e+02
2.340000000000000213e+01 -4.095674143895123365e+01 2.906228924572207575e+02
2.350000000000000000e+01 -4.998235428209807196e+01 2.868477973009439665e+02
2.360000000000000142e+01 -5.972180089409988568e+01 2.835799110184833012e+02
2.370000000000000284e+01 -6.995467166208051424e+01 2.814324136583082918e+02
2.380000000000000071e+01 -8.053590819609325990e+01 2.808865526754096322e+02
2.390000000000000213e+01 -9.141108457232854789e+01 2.822425593060225992e+02
2.400000000000000000e+01 -1.025351976534520730e+02 2.855929879669561160e+02
